 20.0:                                                  
 22.2:                                               1.1
 24.4:                                          2.2     
 25.0:                                     2.5          
 26.6:                                          2.2  1.1
 27.2:                                     2.5       1.1
 29.0:                                4.5               
 29.4:                                     2.5  2.2     
 30.0:                           5.0                    
 31.2:                                4.5            1.1
 31.6:                                     2.5  2.2  1.1
 32.2:                           5.0                 1.1
 33.4:                                4.5       2.2     
 34.0:                                4.5  2.5          
 34.4:                           5.0            2.2     
 35.0:                           5.0       2.5          
 35.6:                                4.5       2.2  1.1
 36.2:                                4.5  2.5       1.1
 36.6:                           5.0            2.2  1.1
 37.2:                           5.0       2.5       1.1
 38.4:                                4.5  2.5  2.2     
 39.0:                           5.0  4.5               
 39.4:                           5.0       2.5  2.2     
 40.0:                     10.0                         
 40.6:                                4.5  2.5  2.2  1.1
 41.2:                           5.0  4.5            1.1
 41.6:                           5.0       2.5  2.2  1.1
 42.2:                     10.0                      1.1
 42.6:                11.3                              
 43.4:                           5.0  4.5       2.2     
 44.0:                           5.0  4.5  2.5          
 44.4:                     10.0                 2.2     
 44.8:                11.3                           1.1
 45.0:                     10.0            2.5          
 45.6:                           5.0  4.5       2.2  1.1
 46.2:                           5.0  4.5  2.5       1.1
 46.6:                     10.0                 2.2  1.1
 47.0:                11.3                      2.2     
 47.2:                     10.0            2.5       1.1
 47.6:                11.3                 2.5          
 48.4:                           5.0  4.5  2.5  2.2     
 49.0:                     10.0       4.5               
 49.2:                11.3                      2.2  1.1
 49.4:                     10.0            2.5  2.2     
 49.8:                11.3                 2.5       1.1
 50.0:           15.0                                   
 50.0:                     10.0  5.0                    
 50.6:                           5.0  4.5  2.5  2.2  1.1
 51.2:                     10.0       4.5            1.1
 51.6:                11.3            4.5               
 51.6:                     10.0            2.5  2.2  1.1
 51.8:      15.9                                        
 52.0:                11.3                 2.5  2.2     
 52.2:           15.0                                1.1
 52.2:                     10.0  5.0                 1.1
 52.6:                11.3       5.0                    
 53.4:                     10.0       4.5       2.2     
 53.8:                11.3            4.5            1.1
 54.0:      15.9                                     1.1
 54.0:                     10.0       4.5  2.5          
 54.2:                11.3                 2.5  2.2  1.1
 54.4:           15.0                           2.2     
 54.4:                     10.0  5.0            2.2     
 54.8:                11.3       5.0                 1.1
 55.0:           15.0                      2.5          
 55.6:                     10.0       4.5       2.2  1.1
 56.0:                11.3            4.5       2.2     
 56.2:      15.9                                2.2     
 56.2:                     10.0       4.5  2.5       1.1
 56.6:           15.0                           2.2  1.1
 56.6:                11.3            4.5  2.5          
 56.6:                     10.0  5.0            2.2  1.1
 56.8:      15.9                           2.5          
 57.0:                11.3       5.0            2.2     
 57.2:           15.0                      2.5       1.1
 57.6:                11.3       5.0       2.5          
 58.2:                11.3            4.5       2.2  1.1
 58.4:      15.9                                2.2  1.1
 58.4:                     10.0       4.5  2.5  2.2     
 58.8:                11.3            4.5  2.5       1.1
 59.0:           15.0                 4.5               
 59.0:      15.9                           2.5       1.1
 59.0:                     10.0  5.0  4.5               
 59.2:                11.3       5.0            2.2  1.1
 59.4:           15.0                      2.5  2.2     
 59.8:                11.3       5.0       2.5       1.1
 60.0:           15.0            5.0                    
 60.6:                     10.0       4.5  2.5  2.2  1.1
 60.8:      15.9                      4.5               
 61.0:                11.3            4.5  2.5  2.2     
 61.2:      15.9                           2.5  2.2     
 61.2:           15.0                 4.5            1.1
 61.2:                     10.0  5.0  4.5            1.1
 61.6:                11.3       5.0  4.5               
 61.6:           15.0                      2.5  2.2  1.1
 61.8:      15.9                 5.0                    
 62.0:                11.3       5.0       2.5  2.2     
 62.2:           15.0            5.0                 1.1
 62.6:                11.3 10.0                         
 63.0:      15.9                      4.5            1.1
 63.2:                11.3            4.5  2.5  2.2  1.1
 63.4:           15.0                 4.5       2.2     
 63.4:      15.9                           2.5  2.2  1.1
 63.4:                     10.0  5.0  4.5       2.2     
 63.8:                11.3       5.0  4.5            1.1
 64.0:      15.9                 5.0                 1.1
 64.0:           15.0                 4.5  2.5          
 64.2:                11.3       5.0       2.5  2.2  1.1
 64.4:           15.0            5.0            2.2     
 64.8:                11.3 10.0                      1.1
 65.0:           15.0            5.0       2.5          
 65.2:      15.9                      4.5       2.2     
 65.3: 22.6                                             
 65.6:           15.0                 4.5       2.2  1.1
 65.6:                     10.0  5.0  4.5       2.2  1.1
 65.8:      15.9                      4.5  2.5          
 66.0:                11.3       5.0  4.5       2.2     
 66.2:      15.9                 5.0            2.2     
 66.2:           15.0                 4.5  2.5       1.1
 66.6:           15.0            5.0            2.2  1.1
 66.6:                11.3       5.0  4.5  2.5          
 66.8:      15.9                 5.0       2.5          
 67.0:                11.3 10.0                 2.2     
 67.2:           15.0            5.0       2.5       1.1
 67.4:      15.9                      4.5       2.2  1.1
 67.5: 22.6                                          1.1
 67.6:                11.3 10.0            2.5          
 68.0:      15.9                      4.5  2.5       1.1
 68.2:                11.3       5.0  4.5       2.2  1.1
 68.4:      15.9                 5.0            2.2  1.1
 68.4:           15.0                 4.5  2.5  2.2     
 68.8:                11.3       5.0  4.5  2.5       1.1
 69.0:           15.0            5.0  4.5               
 69.0:      15.9                 5.0       2.5       1.1
 69.2:                11.3 10.0                 2.2  1.1
 69.4:           15.0            5.0       2.5  2.2     
 69.7: 22.6                                     2.2     
 69.8:                11.3 10.0            2.5       1.1
 70.0:           15.0      10.0                         
 70.2:      15.9                      4.5  2.5  2.2     
 70.6:           15.0                 4.5  2.5  2.2  1.1
 70.8:      15.9                 5.0  4.5               
 71.0:                11.3       5.0  4.5  2.5  2.2     
 71.2:      15.9                 5.0       2.5  2.2     
 71.2:           15.0            5.0  4.5            1.1
 71.6:           15.0            5.0       2.5  2.2  1.1
 71.6:                11.3 10.0       4.5               
 71.8:      15.9           10.0                         
 71.9: 22.6                                     2.2  1.1
 72.0:                11.3 10.0            2.5  2.2     
 72.2:           15.0      10.0                      1.1
 72.4:      15.9                      4.5  2.5  2.2  1.1
 72.6:           15.0 11.3                              
 72.6:                11.3 10.0  5.0                    
 73.0:      15.9                 5.0  4.5            1.1
 73.2:                11.3       5.0  4.5  2.5  2.2  1.1
 73.4:           15.0            5.0  4.5       2.2     
 73.4:      15.9                 5.0       2.5  2.2  1.1
 73.8:                11.3 10.0       4.5            1.1
 74.0:           15.0            5.0  4.5  2.5          
 74.0:      15.9           10.0                      1.1
 74.2:                11.3 10.0            2.5  2.2  1.1
 74.3: 22.6                           4.5               
 74.4:      15.9      11.3                              
 74.4:           15.0      10.0                 2.2     
 74.8:           15.0 11.3                           1.1
 74.8:                11.3 10.0  5.0                 1.1
 75.0:           15.0      10.0            2.5          
 75.2:      15.9                 5.0  4.5       2.2     
 75.3: 22.6                      5.0                    
 75.6:           15.0            5.0  4.5       2.2  1.1
 75.8:      15.9                 5.0  4.5  2.5          
 76.0:                11.3 10.0       4.5       2.2     
 76.2:           15.0            5.0  4.5  2.5       1.1
 76.2:      15.9           10.0                 2.2     
 76.5: 22.6                           4.5            1.1
 76.6:      15.9      11.3                           1.1
 76.6:           15.0      10.0                 2.2  1.1
 76.6:                11.3 10.0       4.5  2.5          
 76.8:      15.9           10.0            2.5          
 77.0:           15.0 11.3                      2.2     
 77.0:                11.3 10.0  5.0            2.2     
 77.2:           15.0      10.0            2.5       1.1
 77.4:      15.9                 5.0  4.5       2.2  1.1
 77.5: 22.6                      5.0                 1.1
 77.6:           15.0 11.3                 2.5          
 78.0:      15.9                 5.0  4.5  2.5       1.1
 78.2:                11.3 10.0       4.5       2.2  1.1
 78.4:           15.0            5.0  4.5  2.5  2.2     
 78.4:      15.9           10.0                 2.2  1.1
 78.7: 22.6                           4.5       2.2     
 78.8:      15.9      11.3                      2.2     
 78.8:                11.3 10.0       4.5  2.5       1.1
 79.0:           15.0      10.0       4.5               
 79.0:      15.9           10.0            2.5       1.1
 79.2:           15.0 11.3                      2.2  1.1
 79.2:                11.3 10.0  5.0            2.2  1.1
 79.4:      15.9      11.3                 2.5          
 79.4:           15.0      10.0            2.5  2.2     
 79.7: 22.6                      5.0            2.2     
 79.8:           15.0 11.3                 2.5       1.1
 80.0:           15.0      10.0  5.0                    
 80.2:      15.9                 5.0  4.5  2.5  2.2     
 80.6:           15.0            5.0  4.5  2.5  2.2  1.1
 80.8:      15.9           10.0       4.5               
 80.9: 22.6                           4.5       2.2  1.1
 81.0:      15.9      11.3                      2.2  1.1
 81.0:                11.3 10.0       4.5  2.5  2.2     
 81.2:      15.9           10.0            2.5  2.2     
 81.2:           15.0      10.0       4.5            1.1
 81.6:           15.0 11.3            4.5               
 81.6:      15.9      11.3                 2.5       1.1
 81.6:           15.0      10.0            2.5  2.2  1.1
 81.6:                11.3 10.0  5.0  4.5               
 81.8:      15.9 15.0                                   
 81.8:      15.9           10.0  5.0                    
 81.9: 22.6                      5.0            2.2  1.1
 82.0:           15.0 11.3                 2.5  2.2     
 82.2:           15.0      10.0  5.0                 1.1
 82.4:      15.9                 5.0  4.5  2.5  2.2  1.1
 82.6:           15.0 11.3       5.0                    
 83.0:      15.9           10.0       4.5            1.1
 83.2:                11.3 10.0       4.5  2.5  2.2  1.1
 83.4:      15.9      11.3            4.5               
 83.4:           15.0      10.0       4.5       2.2     
 83.4:      15.9           10.0            2.5  2.2  1.1
 83.8:      15.9      11.3                 2.5  2.2     
 83.8:           15.0 11.3            4.5            1.1
 83.8:                11.3 10.0  5.0  4.5            1.1
 84.0:      15.9 15.0                                1.1
 84.0:           15.0      10.0       4.5  2.5          
 84.0:      15.9           10.0  5.0                 1.1
 84.2:           15.0 11.3                 2.5  2.2  1.1
 84.3: 22.6                      5.0  4.5               
 84.4:      15.9      11.3       5.0                    
 84.4:           15.0      10.0  5.0            2.2     
 84.8:           15.0 11.3       5.0                 1.1
 85.2:      15.9           10.0       4.5       2.2     
 85.3: 22.6                10.0                         
 85.6:      15.9      11.3            4.5            1.1
 85.6:           15.0      10.0       4.5       2.2  1.1
 85.8:      15.9           10.0       4.5  2.5          
 86.0:           15.0 11.3            4.5       2.2     
 86.0:      15.9      11.3                 2.5  2.2  1.1
 86.0:                11.3 10.0  5.0  4.5       2.2     
 86.2:      15.9 15.0                           2.2     
 86.2:           15.0      10.0       4.5  2.5       1.1
 86.2:      15.9           10.0  5.0            2.2     
 86.5: 22.6                      5.0  4.5            1.1
 86.6:      15.9      11.3       5.0                 1.1
 86.6:           15.0 11.3            4.5  2.5          
 86.6:           15.0      10.0  5.0            2.2  1.1
 86.8:      15.9 15.0                      2.5          
 87.0:           15.0 11.3       5.0            2.2     
 87.4:      15.9           10.0       4.5       2.2  1.1
 87.5: 22.6                10.0                      1.1
 87.6:           15.0 11.3       5.0       2.5          
 87.8:      15.9      11.3            4.5       2.2     
 87.9: 22.6           11.3                              
 88.0:      15.9           10.0       4.5  2.5       1.1
 88.2:           15.0 11.3            4.5       2.2  1.1
 88.2:                11.3 10.0  5.0  4.5       2.2  1.1
 88.4:      15.9 15.0                           2.2  1.1
 88.4:      15.9      11.3            4.5  2.5          
 88.4:           15.0      10.0       4.5  2.5  2.2     
 88.4:      15.9           10.0  5.0            2.2  1.1
 88.7: 22.6                      5.0  4.5       2.2     
 88.8:      15.9      11.3       5.0            2.2     
 88.8:           15.0 11.3            4.5  2.5       1.1
 89.0:      15.9 15.0                      2.5       1.1
 89.0:           15.0      10.0  5.0  4.5               
 89.2:           15.0 11.3       5.0            2.2  1.1
 89.4:      15.9      11.3       5.0       2.5          
 89.7: 22.6                10.0                 2.2     
 89.8:           15.0 11.3       5.0       2.5       1.1
 90.0:      15.9      11.3            4.5       2.2  1.1
 90.1: 22.6           11.3                           1.1
 90.2:      15.9           10.0       4.5  2.5  2.2     
 90.6:      15.9      11.3            4.5  2.5       1.1
 90.6:           15.0      10.0       4.5  2.5  2.2  1.1
 90.8:      15.9 15.0                 4.5               
 90.8:      15.9           10.0  5.0  4.5               
 90.9: 22.6                      5.0  4.5       2.2  1.1
 91.0:      15.9      11.3       5.0            2.2  1.1
 91.0:           15.0 11.3            4.5  2.5  2.2     
 91.2:      15.9 15.0                      2.5  2.2     
 91.2:           15.0      10.0  5.0  4.5            1.1
 91.6:           15.0 11.3       5.0  4.5               
 91.6:      15.9      11.3       5.0       2.5       1.1
 91.8:      15.9 15.0            5.0                    
 91.9: 22.6                10.0                 2.2  1.1
 92.0:           15.0 11.3       5.0       2.5  2.2     
 92.3: 22.6           11.3                      2.2     
 92.4:      15.9           10.0       4.5  2.5  2.2  1.1
 92.6:           15.0 11.3 10.0                         
 92.8:      15.9      11.3            4.5  2.5  2.2     
 93.0:      15.9 15.0                 4.5            1.1
 93.0:      15.9           10.0  5.0  4.5            1.1
 93.2:           15.0 11.3            4.5  2.5  2.2  1.1
 93.4:      15.9      11.3       5.0  4.5               
 93.4:      15.9 15.0                      2.5  2.2  1.1
 93.4:           15.0      10.0  5.0  4.5       2.2     
 93.8:      15.9      11.3       5.0       2.5  2.2     
 93.8:           15.0 11.3       5.0  4.5            1.1
 94.0:      15.9 15.0            5.0                 1.1
 94.2:           15.0 11.3       5.0       2.5  2.2  1.1
 94.3: 22.6                10.0       4.5               
 94.4:      15.9      11.3 10.0                         
 94.5: 22.6           11.3                      2.2  1.1
 94.8:           15.0 11.3 10.0                      1.1
 95.0:      15.9      11.3            4.5  2.5  2.2  1.1
 95.2:      15.9 15.0                 4.5       2.2     
 95.2:      15.9           10.0  5.0  4.5       2.2     
 95.3: 22.6      15.0                                   
 95.6:      15.9      11.3       5.0  4.5            1.1
 95.6:           15.0      10.0  5.0  4.5       2.2  1.1
 95.8:      15.9 15.0                 4.5  2.5          
 96.0:           15.0 11.3       5.0  4.5       2.2     
 96.0:      15.9      11.3       5.0       2.5  2.2  1.1
 96.2:      15.9 15.0            5.0            2.2     
 96.5: 22.6                10.0       4.5            1.1
 96.6:           15.0 11.3       5.0  4.5  2.5          
 96.6:      15.9      11.3 10.0                      1.1
 96.8:      15.9 15.0            5.0       2.5          
 96.9: 22.6           11.3            4.5               
 97.0:           15.0 11.3 10.0                 2.2     
 97.1: 22.6 15.9                                        
 97.4:      15.9 15.0                 4.5       2.2  1.1
 97.4:      15.9           10.0  5.0  4.5       2.2  1.1
 97.5: 22.6      15.0                                1.1
 97.6:           15.0 11.3 10.0            2.5          
 97.8:      15.9      11.3       5.0  4.5       2.2     
 97.9: 22.6           11.3       5.0                    
 98.0:      15.9 15.0                 4.5  2.5       1.1
 98.2:           15.0 11.3       5.0  4.5       2.2  1.1
 98.4:      15.9 15.0            5.0            2.2  1.1
 98.4:      15.9      11.3       5.0  4.5  2.5          
 98.7: 22.6                10.0       4.5       2.2     
 98.8:           15.0 11.3       5.0  4.5  2.5       1.1
 98.8:      15.9      11.3 10.0                 2.2     
 99.0:      15.9 15.0            5.0       2.5       1.1
 99.1: 22.6           11.3            4.5            1.1
 99.2:           15.0 11.3 10.0                 2.2  1.1
 99.3: 22.6 15.9                                     1.1
 99.4:      15.9      11.3 10.0            2.5          
 99.7: 22.6      15.0                           2.2     
 99.8:           15.0 11.3 10.0            2.5       1.1
100.0:      15.9      11.3       5.0  4.5       2.2  1.1
100.1: 22.6           11.3       5.0                 1.1
100.2:      15.9 15.0                 4.5  2.5  2.2     
100.6:      15.9      11.3       5.0  4.5  2.5       1.1
100.8:      15.9 15.0            5.0  4.5               
100.9: 22.6                10.0       4.5       2.2  1.1
101.0:           15.0 11.3       5.0  4.5  2.5  2.2     
101.0:      15.9      11.3 10.0                 2.2  1.1
101.2:      15.9 15.0            5.0       2.5  2.2     
101.3: 22.6           11.3            4.5       2.2     
101.5: 22.6 15.9                                2.2     
101.6:           15.0 11.3 10.0       4.5               
101.6:      15.9      11.3 10.0            2.5       1.1
101.8:      15.9 15.0      10.0                         
101.9: 22.6      15.0                           2.2  1.1
102.0:           15.0 11.3 10.0            2.5  2.2     
102.3: 22.6           11.3       5.0            2.2     
102.4:      15.9 15.0                 4.5  2.5  2.2  1.1
102.6:           15.0 11.3 10.0  5.0                    
102.8:      15.9      11.3       5.0  4.5  2.5  2.2     
103.0:      15.9 15.0            5.0  4.5            1.1
103.2:           15.0 11.3       5.0  4.5  2.5  2.2  1.1
103.4:      15.9 15.0            5.0       2.5  2.2  1.1
103.4:      15.9      11.3 10.0       4.5               
103.5: 22.6           11.3            4.5       2.2  1.1
103.7: 22.6 15.9                                2.2  1.1
103.8:      15.9      11.3 10.0            2.5  2.2     
103.8:           15.0 11.3 10.0       4.5            1.1
104.0:      15.9 15.0      10.0                      1.1
104.2:           15.0 11.3 10.0            2.5  2.2  1.1
104.3: 22.6      15.0                 4.5               
104.4:      15.9 15.0 11.3                              
104.4:      15.9      11.3 10.0  5.0                    
104.5: 22.6           11.3       5.0            2.2  1.1
104.8:           15.0 11.3 10.0  5.0                 1.1
105.0:      15.9      11.3       5.0  4.5  2.5  2.2  1.1
105.2:      15.9 15.0            5.0  4.5       2.2     
105.3: 22.6      15.0            5.0                    
105.6:      15.9      11.3 10.0       4.5            1.1
105.8:      15.9 15.0            5.0  4.5  2.5          
106.0:           15.0 11.3 10.0       4.5       2.2     
106.0:      15.9      11.3 10.0            2.5  2.2  1.1
106.1: 22.6 15.9                      4.5               
106.2:      15.9 15.0      10.0                 2.2     
106.5: 22.6      15.0                 4.5            1.1
106.6:      15.9 15.0 11.3                           1.1
106.6:           15.0 11.3 10.0       4.5  2.5          
106.6:      15.9      11.3 10.0  5.0                 1.1
106.8:      15.9 15.0      10.0            2.5          
106.9: 22.6           11.3       5.0  4.5               
107.0:           15.0 11.3 10.0  5.0            2.2     
107.1: 22.6 15.9                 5.0                    
107.4:      15.9 15.0            5.0  4.5       2.2  1.1
107.5: 22.6      15.0            5.0                 1.1
107.8:      15.9      11.3 10.0       4.5       2.2     
107.9: 22.6           11.3 10.0                         
108.0:      15.9 15.0            5.0  4.5  2.5       1.1
108.2:           15.0 11.3 10.0       4.5       2.2  1.1
108.3: 22.6 15.9                      4.5            1.1
108.4:      15.9 15.0      10.0                 2.2  1.1
108.4:      15.9      11.3 10.0       4.5  2.5          
108.7: 22.6      15.0                 4.5       2.2     
108.8:      15.9 15.0 11.3                      2.2     
108.8:           15.0 11.3 10.0       4.5  2.5       1.1
108.8:      15.9      11.3 10.0  5.0            2.2     
109.0:      15.9 15.0      10.0            2.5       1.1
109.1: 22.6           11.3       5.0  4.5            1.1
109.2:           15.0 11.3 10.0  5.0            2.2  1.1
109.3: 22.6 15.9                 5.0                 1.1
109.4:      15.9 15.0 11.3                 2.5          
109.7: 22.6      15.0            5.0            2.2     
110.0:      15.9      11.3 10.0       4.5       2.2  1.1
110.1: 22.6           11.3 10.0                      1.1
110.2:      15.9 15.0            5.0  4.5  2.5  2.2     
110.5: 22.6 15.9                      4.5       2.2     
110.6:      15.9      11.3 10.0       4.5  2.5       1.1
110.8:      15.9 15.0      10.0       4.5               
110.9: 22.6      15.0                 4.5       2.2  1.1
111.0:      15.9 15.0 11.3                      2.2  1.1
111.0:           15.0 11.3 10.0       4.5  2.5  2.2     
111.0:      15.9      11.3 10.0  5.0            2.2  1.1
111.2:      15.9 15.0      10.0            2.5  2.2     
111.3: 22.6           11.3       5.0  4.5       2.2     
111.5: 22.6 15.9                 5.0            2.2     
111.6:      15.9 15.0 11.3                 2.5       1.1
111.6:           15.0 11.3 10.0  5.0  4.5               
111.8:      15.9 15.0      10.0  5.0                    
111.9: 22.6      15.0            5.0            2.2  1.1
112.3: 22.6           11.3 10.0                 2.2     
112.4:      15.9 15.0            5.0  4.5  2.5  2.2  1.1
112.7: 22.6 15.9                      4.5       2.2  1.1
112.8:      15.9      11.3 10.0       4.5  2.5  2.2     
113.0:      15.9 15.0      10.0       4.5            1.1
113.2:           15.0 11.3 10.0       4.5  2.5  2.2  1.1
113.4:      15.9 15.0 11.3            4.5               
113.4:      15.9 15.0      10.0            2.5  2.2  1.1
113.4:      15.9      11.3 10.0  5.0  4.5               
113.5: 22.6           11.3       5.0  4.5       2.2  1.1
113.7: 22.6 15.9                 5.0            2.2  1.1
113.8:      15.9 15.0 11.3                 2.5  2.2     
113.8:           15.0 11.3 10.0  5.0  4.5            1.1
114.0:      15.9 15.0      10.0  5.0                 1.1
114.3: 22.6      15.0            5.0  4.5               
114.4:      15.9 15.0 11.3       5.0                    
114.5: 22.6           11.3 10.0                 2.2  1.1
115.0:      15.9      11.3 10.0       4.5  2.5  2.2  1.1
115.2:      15.9 15.0      10.0       4.5       2.2     
115.3: 22.6      15.0      10.0                         
115.6:      15.9 15.0 11.3            4.5            1.1
115.6:      15.9      11.3 10.0  5.0  4.5            1.1
115.8:      15.9 15.0      10.0       4.5  2.5          
116.0:      15.9 15.0 11.3                 2.5  2.2  1.1
116.0:           15.0 11.3 10.0  5.0  4.5       2.2     
116.1: 22.6 15.9                 5.0  4.5               
116.2:      15.9 15.0      10.0  5.0            2.2     
116.5: 22.6      15.0            5.0  4.5            1.1
116.6:      15.9 15.0 11.3       5.0                 1.1
116.9: 22.6           11.3 10.0       4.5               
117.1: 22.6 15.9           10.0                         
117.4:      15.9 15.0      10.0       4.5       2.2  1.1
117.5: 22.6      15.0      10.0                      1.1
117.8:      15.9 15.0 11.3            4.5       2.2     
117.8:      15.9      11.3 10.0  5.0  4.5       2.2     
117.9: 22.6      15.0 11.3                              
118.0:      15.9 15.0      10.0       4.5  2.5       1.1
118.2:           15.0 11.3 10.0  5.0  4.5       2.2  1.1
118.3: 22.6 15.9                 5.0  4.5            1.1
118.4:      15.9 15.0 11.3            4.5  2.5          
118.4:      15.9 15.0      10.0  5.0            2.2  1.1
118.7: 22.6      15.0            5.0  4.5       2.2     
118.8:      15.9 15.0 11.3       5.0            2.2     
119.1: 22.6           11.3 10.0       4.5            1.1
119.3: 22.6 15.9           10.0                      1.1
119.4:      15.9 15.0 11.3       5.0       2.5          
119.7: 22.6 15.9      11.3                              
119.7: 22.6      15.0      10.0                 2.2     
120.0:      15.9 15.0 11.3            4.5       2.2  1.1
120.0:      15.9      11.3 10.0  5.0  4.5       2.2  1.1
120.1: 22.6      15.0 11.3                           1.1
120.2:      15.9 15.0      10.0       4.5  2.5  2.2     
120.5: 22.6 15.9                 5.0  4.5       2.2     
120.6:      15.9 15.0 11.3            4.5  2.5       1.1
120.8:      15.9 15.0      10.0  5.0  4.5               
120.9: 22.6      15.0            5.0  4.5       2.2  1.1
121.0:      15.9 15.0 11.3       5.0            2.2  1.1
121.3: 22.6           11.3 10.0       4.5       2.2     
121.5: 22.6 15.9           10.0                 2.2     
121.6:      15.9 15.0 11.3       5.0       2.5       1.1
121.9: 22.6 15.9      11.3                           1.1
121.9: 22.6      15.0      10.0                 2.2  1.1
122.3: 22.6      15.0 11.3                      2.2     
122.4:      15.9 15.0      10.0       4.5  2.5  2.2  1.1
122.7: 22.6 15.9                 5.0  4.5       2.2  1.1
122.8:      15.9 15.0 11.3            4.5  2.5  2.2     
123.0:      15.9 15.0      10.0  5.0  4.5            1.1
123.4:      15.9 15.0 11.3       5.0  4.5               
123.5: 22.6           11.3 10.0       4.5       2.2  1.1
123.7: 22.6 15.9           10.0                 2.2  1.1
123.8:      15.9 15.0 11.3       5.0       2.5  2.2     
124.1: 22.6 15.9      11.3                      2.2     
124.3: 22.6      15.0      10.0       4.5               
124.4:      15.9 15.0 11.3 10.0                         
124.5: 22.6      15.0 11.3                      2.2  1.1
125.0:      15.9 15.0 11.3            4.5  2.5  2.2  1.1
125.2:      15.9 15.0      10.0  5.0  4.5       2.2     
125.6:      15.9 15.0 11.3       5.0  4.5            1.1
126.0:      15.9 15.0 11.3       5.0       2.5  2.2  1.1
126.1: 22.6 15.9           10.0       4.5               
126.3: 22.6 15.9      11.3                      2.2  1.1
126.5: 22.6      15.0      10.0       4.5            1.1
126.6:      15.9 15.0 11.3 10.0                      1.1
126.9: 22.6      15.0 11.3            4.5               
127.1: 22.6 15.9 15.0                                   
127.4:      15.9 15.0      10.0  5.0  4.5       2.2  1.1
127.8:      15.9 15.0 11.3       5.0  4.5       2.2     
127.9: 22.6      15.0 11.3       5.0                    
128.3: 22.6 15.9           10.0       4.5            1.1
128.4:      15.9 15.0 11.3       5.0  4.5  2.5          
128.7: 22.6 15.9      11.3            4.5               
128.7: 22.6      15.0      10.0       4.5       2.2     
128.8:      15.9 15.0 11.3 10.0                 2.2     
129.1: 22.6      15.0 11.3            4.5            1.1
129.3: 22.6 15.9 15.0                                1.1
129.4:      15.9 15.0 11.3 10.0            2.5          
129.7: 22.6 15.9      11.3       5.0                    
130.0:      15.9 15.0 11.3       5.0  4.5       2.2  1.1
130.1: 22.6      15.0 11.3       5.0                 1.1
130.5: 22.6 15.9           10.0       4.5       2.2     
130.6:      15.9 15.0 11.3       5.0  4.5  2.5       1.1
130.9: 22.6 15.9      11.3            4.5            1.1
130.9: 22.6      15.0      10.0       4.5       2.2  1.1
131.0:      15.9 15.0 11.3 10.0                 2.2  1.1
131.3: 22.6      15.0 11.3            4.5       2.2     
131.5: 22.6 15.9 15.0                           2.2     
131.6:      15.9 15.0 11.3 10.0            2.5       1.1
131.9: 22.6 15.9      11.3       5.0                 1.1
132.3: 22.6      15.0 11.3       5.0            2.2     
132.7: 22.6 15.9           10.0       4.5       2.2  1.1
132.8:      15.9 15.0 11.3       5.0  4.5  2.5  2.2     
133.1: 22.6 15.9      11.3            4.5       2.2     
133.4:      15.9 15.0 11.3 10.0       4.5               
133.5: 22.6      15.0 11.3            4.5       2.2  1.1
133.7: 22.6 15.9 15.0                           2.2  1.1
133.8:      15.9 15.0 11.3 10.0            2.5  2.2     
134.1: 22.6 15.9      11.3       5.0            2.2     
134.4:      15.9 15.0 11.3 10.0  5.0                    
134.5: 22.6      15.0 11.3       5.0            2.2  1.1
135.0:      15.9 15.0 11.3       5.0  4.5  2.5  2.2  1.1
135.3: 22.6 15.9      11.3            4.5       2.2  1.1
135.6:      15.9 15.0 11.3 10.0       4.5            1.1
136.0:      15.9 15.0 11.3 10.0            2.5  2.2  1.1
136.1: 22.6 15.9 15.0                 4.5               
136.3: 22.6 15.9      11.3       5.0            2.2  1.1
136.6:      15.9 15.0 11.3 10.0  5.0                 1.1
136.9: 22.6      15.0 11.3       5.0  4.5               
137.1: 22.6 15.9 15.0            5.0                    
137.8:      15.9 15.0 11.3 10.0       4.5       2.2     
137.9: 22.6      15.0 11.3 10.0                         
138.3: 22.6 15.9 15.0                 4.5            1.1
138.4:      15.9 15.0 11.3 10.0       4.5  2.5          
138.7: 22.6 15.9      11.3       5.0  4.5               
138.8:      15.9 15.0 11.3 10.0  5.0            2.2     
139.1: 22.6      15.0 11.3       5.0  4.5            1.1
139.3: 22.6 15.9 15.0            5.0                 1.1
139.7: 22.6 15.9      11.3 10.0                         
140.0:      15.9 15.0 11.3 10.0       4.5       2.2  1.1
140.1: 22.6      15.0 11.3 10.0                      1.1
140.5: 22.6 15.9 15.0                 4.5       2.2     
140.6:      15.9 15.0 11.3 10.0       4.5  2.5       1.1
140.9: 22.6 15.9      11.3       5.0  4.5            1.1
141.0:      15.9 15.0 11.3 10.0  5.0            2.2  1.1
141.3: 22.6      15.0 11.3       5.0  4.5       2.2     
141.5: 22.6 15.9 15.0            5.0            2.2     
141.9: 22.6 15.9      11.3 10.0                      1.1
142.3: 22.6      15.0 11.3 10.0                 2.2     
142.7: 22.6 15.9 15.0                 4.5       2.2  1.1
142.8:      15.9 15.0 11.3 10.0       4.5  2.5  2.2     
143.1: 22.6 15.9      11.3       5.0  4.5       2.2     
143.4:      15.9 15.0 11.3 10.0  5.0  4.5               
143.5: 22.6      15.0 11.3       5.0  4.5       2.2  1.1
143.7: 22.6 15.9 15.0            5.0            2.2  1.1
144.1: 22.6 15.9      11.3 10.0                 2.2     
144.5: 22.6      15.0 11.3 10.0                 2.2  1.1
145.0:      15.9 15.0 11.3 10.0       4.5  2.5  2.2  1.1
145.3: 22.6 15.9      11.3       5.0  4.5       2.2  1.1
145.6:      15.9 15.0 11.3 10.0  5.0  4.5            1.1
146.1: 22.6 15.9 15.0            5.0  4.5               
146.3: 22.6 15.9      11.3 10.0                 2.2  1.1
146.9: 22.6      15.0 11.3 10.0       4.5               
147.1: 22.6 15.9 15.0      10.0                         
147.8:      15.9 15.0 11.3 10.0  5.0  4.5       2.2     
148.3: 22.6 15.9 15.0            5.0  4.5            1.1
148.7: 22.6 15.9      11.3 10.0       4.5               
149.1: 22.6      15.0 11.3 10.0       4.5            1.1
149.3: 22.6 15.9 15.0      10.0                      1.1
149.7: 22.6 15.9 15.0 11.3                              
150.0:      15.9 15.0 11.3 10.0  5.0  4.5       2.2  1.1
150.5: 22.6 15.9 15.0            5.0  4.5       2.2     
150.9: 22.6 15.9      11.3 10.0       4.5            1.1
151.3: 22.6      15.0 11.3 10.0       4.5       2.2     
151.5: 22.6 15.9 15.0      10.0                 2.2     
151.9: 22.6 15.9 15.0 11.3                           1.1
152.7: 22.6 15.9 15.0            5.0  4.5       2.2  1.1
153.1: 22.6 15.9      11.3 10.0       4.5       2.2     
153.5: 22.6      15.0 11.3 10.0       4.5       2.2  1.1
153.7: 22.6 15.9 15.0      10.0                 2.2  1.1
154.1: 22.6 15.9 15.0 11.3                      2.2     
155.3: 22.6 15.9      11.3 10.0       4.5       2.2  1.1
156.1: 22.6 15.9 15.0      10.0       4.5               
156.3: 22.6 15.9 15.0 11.3                      2.2  1.1
158.3: 22.6 15.9 15.0      10.0       4.5            1.1
158.7: 22.6 15.9 15.0 11.3            4.5               
159.7: 22.6 15.9 15.0 11.3       5.0                    
160.5: 22.6 15.9 15.0      10.0       4.5       2.2     
160.9: 22.6 15.9 15.0 11.3            4.5            1.1
161.9: 22.6 15.9 15.0 11.3       5.0                 1.1
162.7: 22.6 15.9 15.0      10.0       4.5       2.2  1.1
163.1: 22.6 15.9 15.0 11.3            4.5       2.2     
164.1: 22.6 15.9 15.0 11.3       5.0            2.2     
165.3: 22.6 15.9 15.0 11.3            4.5       2.2  1.1
166.3: 22.6 15.9 15.0 11.3       5.0            2.2  1.1
168.7: 22.6 15.9 15.0 11.3       5.0  4.5               
169.7: 22.6 15.9 15.0 11.3 10.0                         
170.9: 22.6 15.9 15.0 11.3       5.0  4.5            1.1
171.9: 22.6 15.9 15.0 11.3 10.0                      1.1
173.1: 22.6 15.9 15.0 11.3       5.0  4.5       2.2     
174.1: 22.6 15.9 15.0 11.3 10.0                 2.2     
175.3: 22.6 15.9 15.0 11.3       5.0  4.5       2.2  1.1
176.3: 22.6 15.9 15.0 11.3 10.0                 2.2  1.1
178.7: 22.6 15.9 15.0 11.3 10.0       4.5               
180.9: 22.6 15.9 15.0 11.3 10.0       4.5            1.1
183.1: 22.6 15.9 15.0 11.3 10.0       4.5       2.2     
185.3: 22.6 15.9 15.0 11.3 10.0       4.5       2.2  1.1
