120.1: 22.6           11.3 10.0
                                 1.1
------------------------------------
120.3: 22.6      15.0          
                       5.0 1.25 1.25
------------------------------------
120.3: 22.6                10.0 10.0
                           1.25 1.25
------------------------------------
120.4: 22.6           11.3 10.0
                                1.25
------------------------------------
120.5: 22.6 15.9               
                             4.5 2.2
------------------------------------
120.8: 22.6 15.9               
                        4.5 1.25 1.1
------------------------------------
120.9: 22.6      15.0          
                         4.5 2.2 1.1
------------------------------------
120.9: 22.6                10.0
                     5.0 4.5 2.2 1.1
------------------------------------
121.1: 22.6 15.9               
                       4.5 1.25 1.25
------------------------------------
121.2: 22.6      15.0          
                        4.5 2.2 1.25
------------------------------------
121.2: 22.6                10.0
                    5.0 4.5 2.2 1.25
------------------------------------
121.3: 22.6           11.3     
                         5.0 4.5 2.2
------------------------------------
121.5: 22.6 15.9               
                             5.0 2.2
------------------------------------
121.5: 22.6      15.0          
                   4.5 1.25 1.25 1.1
------------------------------------
121.5: 22.6                10.0
               5.0 4.5 1.25 1.25 1.1
------------------------------------
121.6: 22.6           11.3     
                    5.0 4.5 1.25 1.1
------------------------------------
121.8: 22.6 15.9               
                        5.0 1.25 1.1
------------------------------------
121.9: 22.6      15.0          
                         5.0 2.2 1.1
------------------------------------
121.9: 22.6           11.3     
                   5.0 4.5 1.25 1.25
------------------------------------
121.9: 22.6                10.0 10.0
                             2.2 1.1
------------------------------------
122.1: 22.6 15.9               
                       5.0 1.25 1.25
------------------------------------
122.2: 22.6      15.0          
                        5.0 2.2 1.25
------------------------------------
122.2: 22.6                10.0 10.0
                            2.2 1.25
------------------------------------
122.3: 22.6           11.3 10.0
                                 2.2
------------------------------------
122.5: 22.6      15.0          
                   5.0 1.25 1.25 1.1
------------------------------------
122.5: 22.6                10.0 10.0
                       1.25 1.25 1.1
------------------------------------
122.6: 22.6           11.3 10.0
                            1.25 1.1
------------------------------------
122.7: 22.6 15.9               
                         4.5 2.2 1.1
------------------------------------
122.9: 22.6           11.3 10.0
                           1.25 1.25
------------------------------------
123.0: 22.6 15.9               
                        4.5 2.2 1.25
------------------------------------
123.3: 22.6 15.9               
                   4.5 1.25 1.25 1.1
------------------------------------
123.4: 22.6      15.0          
                    4.5 2.2 1.25 1.1
------------------------------------
123.4: 22.6                10.0
                5.0 4.5 2.2 1.25 1.1
------------------------------------
123.5: 22.6           11.3     
                     5.0 4.5 2.2 1.1
------------------------------------
123.7: 22.6 15.9               
                         5.0 2.2 1.1
------------------------------------
123.7: 22.6      15.0          
                   4.5 2.2 1.25 1.25
------------------------------------
123.7: 22.6                10.0
               5.0 4.5 2.2 1.25 1.25
------------------------------------
123.8: 22.6           11.3     
                    5.0 4.5 2.2 1.25
------------------------------------
124.0: 22.6 15.9               
                        5.0 2.2 1.25
------------------------------------
124.1: 22.6           11.3     
               5.0 4.5 1.25 1.25 1.1
------------------------------------
124.3: 22.6      15.0          
                             5.0 4.5
------------------------------------
124.3: 22.6 15.9               
                   5.0 1.25 1.25 1.1
------------------------------------
124.3: 22.6                10.0 10.0
                                 4.5
------------------------------------
124.4: 22.6      15.0          
                    5.0 2.2 1.25 1.1
------------------------------------
124.4: 22.6                10.0 10.0
                        2.2 1.25 1.1
------------------------------------
124.5: 22.6           11.3 10.0
                             2.2 1.1
------------------------------------
124.7: 22.6      15.0          
                   5.0 2.2 1.25 1.25
------------------------------------
124.7: 22.6                10.0 10.0
                       2.2 1.25 1.25
------------------------------------
124.8: 22.6           11.3 10.0
                            2.2 1.25
------------------------------------
125.1: 22.6           11.3 10.0
                       1.25 1.25 1.1
------------------------------------
125.2: 22.6 15.9               
                    4.5 2.2 1.25 1.1
------------------------------------
125.3: 22.6      15.0      10.0
                                    
------------------------------------
125.5: 22.6 15.9               
                   4.5 2.2 1.25 1.25
------------------------------------
125.9: 22.6      15.0          
               4.5 2.2 1.25 1.25 1.1
------------------------------------
125.9: 22.6                10.0
           5.0 4.5 2.2 1.25 1.25 1.1
------------------------------------
126.0: 22.6           11.3     
                5.0 4.5 2.2 1.25 1.1
------------------------------------
126.1: 22.6 15.9               
                             5.0 4.5
------------------------------------
126.2: 22.6 15.9               
                    5.0 2.2 1.25 1.1
------------------------------------
126.3: 22.6           11.3     
               5.0 4.5 2.2 1.25 1.25
------------------------------------
126.5: 22.6      15.0          
                         5.0 4.5 1.1
------------------------------------
126.5: 22.6 15.9               
                   5.0 2.2 1.25 1.25
------------------------------------
126.5: 22.6                10.0 10.0
                             4.5 1.1
------------------------------------
126.8: 22.6      15.0          
                        5.0 4.5 1.25
------------------------------------
126.8: 22.6                10.0 10.0
                            4.5 1.25
------------------------------------
126.9: 22.6           11.3 10.0
                                 4.5
------------------------------------
126.9: 22.6      15.0          
               5.0 2.2 1.25 1.25 1.1
------------------------------------
126.9: 22.6           11.3 10.0
                                 4.5
------------------------------------
126.9: 22.6                10.0 10.0
                   2.2 1.25 1.25 1.1
------------------------------------
127.0: 22.6           11.3 10.0
                        2.2 1.25 1.1
------------------------------------
127.1: 22.6 15.9           10.0
                                    
------------------------------------
127.3: 22.6           11.3 10.0
                       2.2 1.25 1.25
------------------------------------
127.5: 22.6      15.0      10.0
                                 1.1
------------------------------------
127.7: 22.6 15.9               
               4.5 2.2 1.25 1.25 1.1
------------------------------------
127.8: 22.6      15.0      10.0
                                1.25
------------------------------------
127.9: 22.6      15.0 11.3     
                                    
------------------------------------
127.9: 22.6           11.3 10.0
                                 5.0
------------------------------------
128.3: 22.6 15.9               
                         5.0 4.5 1.1
------------------------------------
128.5: 22.6           11.3     
           5.0 4.5 2.2 1.25 1.25 1.1
------------------------------------
128.6: 22.6 15.9               
                        5.0 4.5 1.25
------------------------------------
128.7: 22.6      15.0          
                         5.0 4.5 2.2
------------------------------------
128.7: 22.6 15.9               
               5.0 2.2 1.25 1.25 1.1
------------------------------------
128.7: 22.6                10.0 10.0
                             4.5 2.2
------------------------------------
129.0: 22.6      15.0          
                    5.0 4.5 1.25 1.1
------------------------------------
129.0: 22.6                10.0 10.0
                        4.5 1.25 1.1
------------------------------------
129.1: 22.6           11.3 10.0
                             4.5 1.1
------------------------------------
129.3: 22.6 15.9           10.0
                                 1.1
------------------------------------
129.3: 22.6      15.0          
                   5.0 4.5 1.25 1.25
------------------------------------
129.3: 22.6 15.9           10.0
                                 1.1
------------------------------------
129.3: 22.6                10.0 10.0
                       4.5 1.25 1.25
------------------------------------
129.4: 22.6           11.3 10.0
                            4.5 1.25
------------------------------------
129.5: 22.6           11.3 10.0
                   2.2 1.25 1.25 1.1
------------------------------------
129.6: 22.6 15.9           10.0
                                1.25
------------------------------------
129.7: 22.6 15.9      11.3     
                                    
------------------------------------
129.7: 22.6      15.0      10.0
                                 2.2
------------------------------------
130.0: 22.6      15.0      10.0
                            1.25 1.1
------------------------------------
130.1: 22.6      15.0 11.3     
                                 1.1
------------------------------------
130.1: 22.6           11.3 10.0
                             5.0 1.1
------------------------------------
130.3: 22.6      15.0      10.0
                           1.25 1.25
------------------------------------
130.4: 22.6      15.0 11.3     
                                1.25
------------------------------------
130.4: 22.6           11.3 10.0
                            5.0 1.25
------------------------------------
130.5: 22.6 15.9               
                         5.0 4.5 2.2
------------------------------------
130.8: 22.6 15.9               
                    5.0 4.5 1.25 1.1
------------------------------------
130.9: 22.6      15.0          
                     5.0 4.5 2.2 1.1
------------------------------------
130.9: 22.6                10.0 10.0
                         4.5 2.2 1.1
------------------------------------
131.1: 22.6 15.9               
                   5.0 4.5 1.25 1.25
------------------------------------
131.2: 22.6      15.0          
                    5.0 4.5 2.2 1.25
------------------------------------
131.2: 22.6                10.0 10.0
                        4.5 2.2 1.25
------------------------------------
131.3: 22.6           11.3 10.0
                             4.5 2.2
------------------------------------
131.5: 22.6 15.9           10.0
                                 2.2
------------------------------------
131.5: 22.6      15.0          
               5.0 4.5 1.25 1.25 1.1
------------------------------------
131.5: 22.6 15.9           10.0
                                 2.2
------------------------------------
131.5: 22.6                10.0 10.0
                   4.5 1.25 1.25 1.1
------------------------------------
131.6: 22.6           11.3 10.0
                        4.5 1.25 1.1
------------------------------------
131.8: 22.6 15.9           10.0
                            1.25 1.1
------------------------------------
131.9: 22.6 15.9      11.3     
                                 1.1
------------------------------------
131.9: 22.6      15.0      10.0
                             2.2 1.1
------------------------------------
131.9: 22.6           11.3 10.0
                       4.5 1.25 1.25
------------------------------------
131.9: 22.6      15.0      10.0
                             2.2 1.1
------------------------------------
131.9: 22.6           11.3 10.0
                       4.5 1.25 1.25
------------------------------------
132.1: 22.6 15.9           10.0
                           1.25 1.25
------------------------------------
132.2: 22.6 15.9      11.3     
                                1.25
------------------------------------
132.2: 22.6      15.0      10.0
                            2.2 1.25
------------------------------------
132.3: 22.6      15.0 11.3     
                                 2.2
------------------------------------
132.3: 22.6           11.3 10.0
                             5.0 2.2
------------------------------------
132.5: 22.6      15.0      10.0
                       1.25 1.25 1.1
------------------------------------
132.6: 22.6      15.0 11.3     
                            1.25 1.1
------------------------------------
132.6: 22.6           11.3 10.0
                        5.0 1.25 1.1
------------------------------------
132.7: 22.6 15.9               
                     5.0 4.5 2.2 1.1
------------------------------------
132.9: 22.6      15.0 11.3     
                           1.25 1.25
------------------------------------
132.9: 22.6           11.3 10.0
                       5.0 1.25 1.25
------------------------------------
133.0: 22.6 15.9               
                    5.0 4.5 2.2 1.25
------------------------------------
133.3: 22.6 15.9               
               5.0 4.5 1.25 1.25 1.1
------------------------------------
133.4: 22.6      15.0          
                5.0 4.5 2.2 1.25 1.1
------------------------------------
133.4: 22.6                10.0 10.0
                    4.5 2.2 1.25 1.1
------------------------------------
133.5: 22.6           11.3 10.0
                         4.5 2.2 1.1
------------------------------------
133.7: 22.6 15.9           10.0
                             2.2 1.1
------------------------------------
133.7: 22.6      15.0          
               5.0 4.5 2.2 1.25 1.25
------------------------------------
133.7: 22.6 15.9           10.0
                             2.2 1.1
------------------------------------
133.7: 22.6                10.0 10.0
                   4.5 2.2 1.25 1.25
------------------------------------
133.8: 22.6           11.3 10.0
                        4.5 2.2 1.25
------------------------------------
134.0: 22.6 15.9           10.0
                            2.2 1.25
------------------------------------
134.1: 22.6 15.9      11.3     
                                 2.2
------------------------------------
134.1: 22.6           11.3 10.0
                   4.5 1.25 1.25 1.1
------------------------------------
134.3: 22.6      15.0      10.0
                                 4.5
------------------------------------
134.3: 22.6 15.9           10.0
                       1.25 1.25 1.1
------------------------------------
134.3: 22.6      15.0      10.0
                                 4.5
------------------------------------
134.3: 22.6 15.9           10.0
                       1.25 1.25 1.1
------------------------------------
134.4: 22.6 15.9      11.3     
                            1.25 1.1
------------------------------------
134.4: 22.6      15.0      10.0
                        2.2 1.25 1.1
------------------------------------
134.5: 22.6      15.0 11.3     
                             2.2 1.1
------------------------------------
134.5: 22.6           11.3 10.0
                         5.0 2.2 1.1
------------------------------------
134.7: 22.6 15.9      11.3     
                           1.25 1.25
------------------------------------
134.7: 22.6      15.0      10.0
                       2.2 1.25 1.25
------------------------------------
134.8: 22.6      15.0 11.3     
                            2.2 1.25
------------------------------------
134.8: 22.6           11.3 10.0
                        5.0 2.2 1.25
------------------------------------
135.1: 22.6      15.0 11.3     
                       1.25 1.25 1.1
------------------------------------
135.1: 22.6           11.3 10.0
                   5.0 1.25 1.25 1.1
------------------------------------
135.2: 22.6 15.9               
                5.0 4.5 2.2 1.25 1.1
------------------------------------
135.3: 22.6      15.0      10.0
                                 5.0
------------------------------------
135.5: 22.6 15.9               
               5.0 4.5 2.2 1.25 1.25
------------------------------------
135.9: 22.6      15.0          
           5.0 4.5 2.2 1.25 1.25 1.1
------------------------------------
135.9: 22.6                10.0 10.0
               4.5 2.2 1.25 1.25 1.1
------------------------------------
136.0: 22.6           11.3 10.0
                    4.5 2.2 1.25 1.1
------------------------------------
136.1: 22.6 15.9           10.0
                                 4.5
------------------------------------
136.2: 22.6 15.9           10.0
                        2.2 1.25 1.1
------------------------------------
136.3: 22.6 15.9      11.3     
                             2.2 1.1
------------------------------------
136.3: 22.6           11.3 10.0
                   4.5 2.2 1.25 1.25
------------------------------------
136.5: 22.6      15.0      10.0
                             4.5 1.1
------------------------------------
136.5: 22.6 15.9           10.0
                       2.2 1.25 1.25
------------------------------------
136.5: 22.6      15.0      10.0
                             4.5 1.1
------------------------------------
136.5: 22.6 15.9           10.0
                       2.2 1.25 1.25
------------------------------------
136.6: 22.6 15.9      11.3     
                            2.2 1.25
------------------------------------
136.8: 22.6      15.0      10.0
                            4.5 1.25
------------------------------------
136.9: 22.6      15.0 11.3     
                                 4.5
------------------------------------
136.9: 22.6           11.3 10.0
                             5.0 4.5
------------------------------------
136.9: 22.6 15.9      11.3     
                       1.25 1.25 1.1
------------------------------------
136.9: 22.6      15.0      10.0
                   2.2 1.25 1.25 1.1
------------------------------------
137.0: 22.6      15.0 11.3     
                        2.2 1.25 1.1
------------------------------------
137.0: 22.6           11.3 10.0
                    5.0 2.2 1.25 1.1
------------------------------------
137.1: 22.6 15.9 15.0          
                                    
------------------------------------
137.1: 22.6 15.9           10.0
                                 5.0
------------------------------------
137.3: 22.6      15.0 11.3     
                       2.2 1.25 1.25
------------------------------------
137.3: 22.6           11.3 10.0
                   5.0 2.2 1.25 1.25
------------------------------------
137.5: 22.6      15.0      10.0
                             5.0 1.1
------------------------------------
137.7: 22.6 15.9               
           5.0 4.5 2.2 1.25 1.25 1.1
------------------------------------
137.8: 22.6      15.0      10.0
                            5.0 1.25
------------------------------------
137.9: 22.6      15.0 11.3     
                                 5.0
------------------------------------
137.9: 22.6           11.3 10.0 10.0
                                    
------------------------------------
138.3: 22.6 15.9           10.0
                             4.5 1.1
------------------------------------
138.5: 22.6           11.3 10.0
               4.5 2.2 1.25 1.25 1.1
------------------------------------
138.6: 22.6 15.9           10.0
                            4.5 1.25
------------------------------------
138.7: 22.6 15.9      11.3     
                                 4.5
------------------------------------
138.7: 22.6      15.0      10.0
                             4.5 2.2
------------------------------------
138.7: 22.6 15.9           10.0
                   2.2 1.25 1.25 1.1
------------------------------------
138.7: 22.6      15.0      10.0
                             4.5 2.2
------------------------------------
138.7: 22.6 15.9           10.0
                   2.2 1.25 1.25 1.1
------------------------------------
138.8: 22.6 15.9      11.3     
                        2.2 1.25 1.1
------------------------------------
139.0: 22.6      15.0      10.0
                        4.5 1.25 1.1
------------------------------------
139.1: 22.6      15.0 11.3     
                             4.5 1.1
------------------------------------
139.1: 22.6           11.3 10.0
                         5.0 4.5 1.1
------------------------------------
139.1: 22.6 15.9      11.3     
                       2.2 1.25 1.25
------------------------------------
139.3: 22.6 15.9 15.0          
                                 1.1
------------------------------------
139.3: 22.6 15.9           10.0
                             5.0 1.1
------------------------------------
139.3: 22.6      15.0      10.0
                       4.5 1.25 1.25
------------------------------------
139.4: 22.6      15.0 11.3     
                            4.5 1.25
------------------------------------
139.4: 22.6           11.3 10.0
                        5.0 4.5 1.25
------------------------------------
139.5: 22.6      15.0 11.3     
                   2.2 1.25 1.25 1.1
------------------------------------
139.5: 22.6           11.3 10.0
               5.0 2.2 1.25 1.25 1.1
------------------------------------
139.6: 22.6 15.9 15.0          
                                1.25
------------------------------------
139.6: 22.6 15.9           10.0
                            5.0 1.25
------------------------------------
139.7: 22.6 15.9      11.3     
                                 5.0
------------------------------------
139.7: 22.6      15.0      10.0
                             5.0 2.2
------------------------------------
140.0: 22.6      15.0      10.0
                        5.0 1.25 1.1
------------------------------------
140.1: 22.6      15.0 11.3     
                             5.0 1.1
------------------------------------
140.1: 22.6           11.3 10.0 10.0
                                 1.1
------------------------------------
140.3: 22.6      15.0      10.0
                       5.0 1.25 1.25
------------------------------------
140.4: 22.6      15.0 11.3     
                            5.0 1.25
------------------------------------
140.4: 22.6           11.3 10.0 10.0
                                1.25
------------------------------------
140.5: 22.6 15.9           10.0
                             4.5 2.2
------------------------------------
140.8: 22.6 15.9           10.0
                        4.5 1.25 1.1
------------------------------------
140.9: 22.6 15.9      11.3     
                             4.5 1.1
------------------------------------
140.9: 22.6      15.0      10.0
                         4.5 2.2 1.1
------------------------------------
141.1: 22.6 15.9           10.0
                       4.5 1.25 1.25
------------------------------------
141.2: 22.6 15.9      11.3     
                            4.5 1.25
------------------------------------
141.2: 22.6      15.0      10.0
                        4.5 2.2 1.25
------------------------------------
141.3: 22.6      15.0 11.3     
                             4.5 2.2
------------------------------------
141.3: 22.6           11.3 10.0
                         5.0 4.5 2.2
------------------------------------
141.3: 22.6 15.9      11.3     
                   2.2 1.25 1.25 1.1
------------------------------------
141.5: 22.6 15.9 15.0          
                                 2.2
------------------------------------
141.5: 22.6 15.9           10.0
                             5.0 2.2
------------------------------------
141.5: 22.6      15.0      10.0
                   4.5 1.25 1.25 1.1
------------------------------------
141.6: 22.6      15.0 11.3     
                        4.5 1.25 1.1
------------------------------------
141.6: 22.6           11.3 10.0
                    5.0 4.5 1.25 1.1
------------------------------------
141.8: 22.6 15.9 15.0          
                            1.25 1.1
------------------------------------
141.8: 22.6 15.9           10.0
                        5.0 1.25 1.1
------------------------------------
141.9: 22.6 15.9      11.3     
                             5.0 1.1
------------------------------------
141.9: 22.6      15.0      10.0
                         5.0 2.2 1.1
------------------------------------
141.9: 22.6      15.0 11.3     
                       4.5 1.25 1.25
------------------------------------
141.9: 22.6           11.3 10.0
                   5.0 4.5 1.25 1.25
------------------------------------
142.1: 22.6 15.9 15.0          
                           1.25 1.25
------------------------------------
142.1: 22.6 15.9           10.0
                       5.0 1.25 1.25
------------------------------------
142.2: 22.6 15.9      11.3     
                            5.0 1.25
------------------------------------
142.2: 22.6      15.0      10.0
                        5.0 2.2 1.25
------------------------------------
142.3: 22.6      15.0 11.3     
                             5.0 2.2
------------------------------------
142.3: 22.6           11.3 10.0 10.0
                                 2.2
------------------------------------
142.5: 22.6      15.0      10.0
                   5.0 1.25 1.25 1.1
------------------------------------
142.6: 22.6      15.0 11.3     
                        5.0 1.25 1.1
------------------------------------
142.6: 22.6           11.3 10.0 10.0
                            1.25 1.1
------------------------------------
142.7: 22.6 15.9           10.0
                         4.5 2.2 1.1
------------------------------------
142.9: 22.6      15.0 11.3     
                       5.0 1.25 1.25
------------------------------------
142.9: 22.6           11.3 10.0 10.0
                           1.25 1.25
------------------------------------
143.0: 22.6 15.9           10.0
                        4.5 2.2 1.25
------------------------------------
143.1: 22.6 15.9      11.3     
                             4.5 2.2
------------------------------------
143.3: 22.6 15.9           10.0
                   4.5 1.25 1.25 1.1
------------------------------------
143.4: 22.6 15.9      11.3     
                        4.5 1.25 1.1
------------------------------------
143.4: 22.6      15.0      10.0
                    4.5 2.2 1.25 1.1
------------------------------------
143.5: 22.6      15.0 11.3     
                         4.5 2.2 1.1
------------------------------------
143.5: 22.6           11.3 10.0
                     5.0 4.5 2.2 1.1
------------------------------------
143.7: 22.6 15.9 15.0          
                             2.2 1.1
------------------------------------
143.7: 22.6 15.9           10.0
                         5.0 2.2 1.1
------------------------------------
143.7: 22.6 15.9      11.3     
                       4.5 1.25 1.25
------------------------------------
143.7: 22.6      15.0      10.0
                   4.5 2.2 1.25 1.25
------------------------------------
143.8: 22.6      15.0 11.3     
                        4.5 2.2 1.25
------------------------------------
143.8: 22.6           11.3 10.0
                    5.0 4.5 2.2 1.25
------------------------------------
144.0: 22.6 15.9 15.0          
                            2.2 1.25
------------------------------------
144.0: 22.6 15.9           10.0
                        5.0 2.2 1.25
------------------------------------
144.1: 22.6 15.9      11.3     
                             5.0 2.2
------------------------------------
144.1: 22.6      15.0 11.3     
                   4.5 1.25 1.25 1.1
------------------------------------
144.1: 22.6           11.3 10.0
               5.0 4.5 1.25 1.25 1.1
------------------------------------
144.3: 22.6      15.0      10.0
                             5.0 4.5
------------------------------------
144.3: 22.6 15.9 15.0          
                       1.25 1.25 1.1
------------------------------------
144.3: 22.6 15.9           10.0
                   5.0 1.25 1.25 1.1
------------------------------------
144.4: 22.6 15.9      11.3     
                        5.0 1.25 1.1
------------------------------------
144.4: 22.6      15.0      10.0
                    5.0 2.2 1.25 1.1
------------------------------------
144.5: 22.6      15.0 11.3     
                         5.0 2.2 1.1
------------------------------------
144.5: 22.6           11.3 10.0 10.0
                             2.2 1.1
------------------------------------
144.7: 22.6 15.9      11.3     
                       5.0 1.25 1.25
------------------------------------
144.7: 22.6      15.0      10.0
                   5.0 2.2 1.25 1.25
------------------------------------
144.8: 22.6      15.0 11.3     
                        5.0 2.2 1.25
------------------------------------
144.8: 22.6           11.3 10.0 10.0
                            2.2 1.25
------------------------------------
145.1: 22.6      15.0 11.3     
                   5.0 1.25 1.25 1.1
------------------------------------
145.1: 22.6           11.3 10.0 10.0
                       1.25 1.25 1.1
------------------------------------
145.2: 22.6 15.9           10.0
                    4.5 2.2 1.25 1.1
------------------------------------
145.3: 22.6 15.9      11.3     
                         4.5 2.2 1.1
------------------------------------
145.3: 22.6      15.0      10.0 10.0
                                    
------------------------------------
145.5: 22.6 15.9           10.0
                   4.5 2.2 1.25 1.25
------------------------------------
145.6: 22.6 15.9      11.3     
                        4.5 2.2 1.25
------------------------------------
145.9: 22.6 15.9      11.3     
                   4.5 1.25 1.25 1.1
------------------------------------
145.9: 22.6      15.0      10.0
               4.5 2.2 1.25 1.25 1.1
------------------------------------
146.0: 22.6      15.0 11.3     
                    4.5 2.2 1.25 1.1
------------------------------------
146.0: 22.6           11.3 10.0
                5.0 4.5 2.2 1.25 1.1
------------------------------------
146.1: 22.6 15.9 15.0          
                                 4.5
------------------------------------
146.1: 22.6 15.9           10.0
                             5.0 4.5
------------------------------------
146.2: 22.6 15.9 15.0          
                        2.2 1.25 1.1
------------------------------------
146.2: 22.6 15.9           10.0
                    5.0 2.2 1.25 1.1
------------------------------------
146.3: 22.6 15.9      11.3     
                         5.0 2.2 1.1
------------------------------------
146.3: 22.6      15.0 11.3     
                   4.5 2.2 1.25 1.25
------------------------------------
146.3: 22.6           11.3 10.0
               5.0 4.5 2.2 1.25 1.25
------------------------------------
146.5: 22.6      15.0      10.0
                         5.0 4.5 1.1
------------------------------------
146.5: 22.6 15.9 15.0          
                       2.2 1.25 1.25
------------------------------------
146.5: 22.6 15.9           10.0
                   5.0 2.2 1.25 1.25
------------------------------------
146.6: 22.6 15.9      11.3     
                        5.0 2.2 1.25
------------------------------------
146.8: 22.6      15.0      10.0
                        5.0 4.5 1.25
------------------------------------
146.9: 22.6      15.0 11.3     
                             5.0 4.5
------------------------------------
146.9: 22.6 15.9      11.3     
                   5.0 1.25 1.25 1.1
------------------------------------
146.9: 22.6      15.0      10.0
               5.0 2.2 1.25 1.25 1.1
------------------------------------
146.9: 22.6           11.3 10.0 10.0
                                 4.5
------------------------------------
147.0: 22.6      15.0 11.3     
                    5.0 2.2 1.25 1.1
------------------------------------
147.0: 22.6           11.3 10.0 10.0
                        2.2 1.25 1.1
------------------------------------
147.1: 22.6 15.9 15.0          
                                 5.0
------------------------------------
147.1: 22.6 15.9           10.0 10.0
                                    
------------------------------------
147.3: 22.6      15.0 11.3     
                   5.0 2.2 1.25 1.25
------------------------------------
147.3: 22.6           11.3 10.0 10.0
                       2.2 1.25 1.25
------------------------------------
147.5: 22.6      15.0      10.0 10.0
                                 1.1
------------------------------------
147.7: 22.6 15.9           10.0
               4.5 2.2 1.25 1.25 1.1
------------------------------------
147.8: 22.6 15.9      11.3     
                    4.5 2.2 1.25 1.1
------------------------------------
147.8: 22.6      15.0      10.0 10.0
                                1.25
------------------------------------
147.9: 22.6      15.0 11.3 10.0
                                    
------------------------------------
148.1: 22.6 15.9      11.3     
                   4.5 2.2 1.25 1.25
------------------------------------
148.3: 22.6 15.9 15.0          
                             4.5 1.1
------------------------------------
148.3: 22.6 15.9           10.0
                         5.0 4.5 1.1
------------------------------------
148.5: 22.6      15.0 11.3     
               4.5 2.2 1.25 1.25 1.1
------------------------------------
148.5: 22.6           11.3 10.0
           5.0 4.5 2.2 1.25 1.25 1.1
------------------------------------
148.6: 22.6 15.9 15.0          
                            4.5 1.25
------------------------------------
148.6: 22.6 15.9           10.0
                        5.0 4.5 1.25
------------------------------------
148.7: 22.6 15.9      11.3     
                             5.0 4.5
------------------------------------
148.7: 22.6      15.0      10.0
                         5.0 4.5 2.2
------------------------------------
148.7: 22.6 15.9 15.0          
                   2.2 1.25 1.25 1.1
------------------------------------
148.7: 22.6 15.9           10.0
               5.0 2.2 1.25 1.25 1.1
------------------------------------
148.8: 22.6 15.9      11.3     
                    5.0 2.2 1.25 1.1
------------------------------------
149.0: 22.6      15.0      10.0
                    5.0 4.5 1.25 1.1
------------------------------------
149.1: 22.6      15.0 11.3     
                         5.0 4.5 1.1
------------------------------------
149.1: 22.6 15.9      11.3     
                   5.0 2.2 1.25 1.25
------------------------------------
149.1: 22.6           11.3 10.0 10.0
                             4.5 1.1
------------------------------------
149.3: 22.6 15.9 15.0          
                             5.0 1.1
------------------------------------
149.3: 22.6      15.0      10.0
                   5.0 4.5 1.25 1.25
------------------------------------
149.3: 22.6 15.9           10.0 10.0
                                 1.1
------------------------------------
149.4: 22.6      15.0 11.3     
                        5.0 4.5 1.25
------------------------------------
149.4: 22.6           11.3 10.0 10.0
                            4.5 1.25
------------------------------------
149.5: 22.6      15.0 11.3     
               5.0 2.2 1.25 1.25 1.1
------------------------------------
149.5: 22.6           11.3 10.0 10.0
                   2.2 1.25 1.25 1.1
------------------------------------
149.6: 22.6 15.9 15.0          
                            5.0 1.25
------------------------------------
149.6: 22.6 15.9           10.0 10.0
                                1.25
------------------------------------
149.7: 22.6 15.9      11.3 10.0
                                    
------------------------------------
149.7: 22.6      15.0      10.0 10.0
                                 2.2
------------------------------------
150.0: 22.6      15.0      10.0 10.0
                            1.25 1.1
------------------------------------
150.1: 22.6      15.0 11.3 10.0
                                 1.1
------------------------------------
150.3: 22.6 15.9      11.3     
               4.5 2.2 1.25 1.25 1.1
------------------------------------
150.3: 22.6      15.0      10.0 10.0
                           1.25 1.25
------------------------------------
150.4: 22.6      15.0 11.3 10.0
                                1.25
------------------------------------
150.5: 22.6 15.9 15.0          
                             4.5 2.2
------------------------------------
150.5: 22.6 15.9           10.0
                         5.0 4.5 2.2
------------------------------------
150.8: 22.6 15.9 15.0          
                        4.5 1.25 1.1
------------------------------------
150.8: 22.6 15.9           10.0
                    5.0 4.5 1.25 1.1
------------------------------------
150.9: 22.6 15.9      11.3     
                         5.0 4.5 1.1
------------------------------------
150.9: 22.6      15.0      10.0
                     5.0 4.5 2.2 1.1
------------------------------------
151.1: 22.6 15.9 15.0          
                       4.5 1.25 1.25
------------------------------------
151.1: 22.6 15.9           10.0
                   5.0 4.5 1.25 1.25
------------------------------------
151.2: 22.6 15.9      11.3     
                        5.0 4.5 1.25
------------------------------------
151.2: 22.6      15.0      10.0
                    5.0 4.5 2.2 1.25
------------------------------------
151.3: 22.6      15.0 11.3     
                         5.0 4.5 2.2
------------------------------------
151.3: 22.6 15.9      11.3     
               5.0 2.2 1.25 1.25 1.1
------------------------------------
151.3: 22.6           11.3 10.0 10.0
                             4.5 2.2
------------------------------------
151.5: 22.6 15.9 15.0          
                             5.0 2.2
------------------------------------
151.5: 22.6      15.0      10.0
               5.0 4.5 1.25 1.25 1.1
------------------------------------
151.5: 22.6 15.9           10.0 10.0
                                 2.2
------------------------------------
151.6: 22.6      15.0 11.3     
                    5.0 4.5 1.25 1.1
------------------------------------
151.6: 22.6           11.3 10.0 10.0
                        4.5 1.25 1.1
------------------------------------
151.8: 22.6 15.9 15.0          
                        5.0 1.25 1.1
------------------------------------
151.8: 22.6 15.9           10.0 10.0
                            1.25 1.1
------------------------------------
151.9: 22.6 15.9      11.3 10.0
                                 1.1
------------------------------------
151.9: 22.6      15.0 11.3     
                   5.0 4.5 1.25 1.25
------------------------------------
151.9: 22.6 15.9      11.3 10.0
                                 1.1
------------------------------------
151.9: 22.6      15.0      10.0 10.0
                             2.2 1.1
------------------------------------
151.9: 22.6           11.3 10.0 10.0
                       4.5 1.25 1.25
------------------------------------
152.1: 22.6 15.9 15.0          
                       5.0 1.25 1.25
------------------------------------
152.1: 22.6 15.9           10.0 10.0
                           1.25 1.25
------------------------------------
152.2: 22.6 15.9      11.3 10.0
                                1.25
------------------------------------
152.2: 22.6      15.0      10.0 10.0
                            2.2 1.25
------------------------------------
152.3: 22.6      15.0 11.3 10.0
                                 2.2
------------------------------------
152.5: 22.6      15.0      10.0 10.0
                       1.25 1.25 1.1
------------------------------------
152.6: 22.6      15.0 11.3 10.0
                            1.25 1.1
------------------------------------
152.7: 22.6 15.9 15.0          
                         4.5 2.2 1.1
------------------------------------
152.7: 22.6 15.9           10.0
                     5.0 4.5 2.2 1.1
------------------------------------
152.9: 22.6      15.0 11.3 10.0
                           1.25 1.25
------------------------------------
153.0: 22.6 15.9 15.0          
                        4.5 2.2 1.25
------------------------------------
153.0: 22.6 15.9           10.0
                    5.0 4.5 2.2 1.25
------------------------------------
153.1: 22.6 15.9      11.3     
                         5.0 4.5 2.2
------------------------------------
153.3: 22.6 15.9 15.0          
                   4.5 1.25 1.25 1.1
------------------------------------
153.3: 22.6 15.9           10.0
               5.0 4.5 1.25 1.25 1.1
------------------------------------
153.4: 22.6 15.9      11.3     
                    5.0 4.5 1.25 1.1
------------------------------------
153.4: 22.6      15.0      10.0
                5.0 4.5 2.2 1.25 1.1
------------------------------------
153.5: 22.6      15.0 11.3     
                     5.0 4.5 2.2 1.1
------------------------------------
153.5: 22.6           11.3 10.0 10.0
                         4.5 2.2 1.1
------------------------------------
153.7: 22.6 15.9 15.0          
                         5.0 2.2 1.1
------------------------------------
153.7: 22.6 15.9      11.3     
                   5.0 4.5 1.25 1.25
------------------------------------
153.7: 22.6      15.0      10.0
               5.0 4.5 2.2 1.25 1.25
------------------------------------
153.7: 22.6 15.9           10.0 10.0
                             2.2 1.1
------------------------------------
153.8: 22.6      15.0 11.3     
                    5.0 4.5 2.2 1.25
------------------------------------
153.8: 22.6           11.3 10.0 10.0
                        4.5 2.2 1.25
------------------------------------
154.0: 22.6 15.9 15.0          
                        5.0 2.2 1.25
------------------------------------
154.0: 22.6 15.9           10.0 10.0
                            2.2 1.25
------------------------------------
154.1: 22.6 15.9      11.3 10.0
                                 2.2
------------------------------------
154.1: 22.6      15.0 11.3     
               5.0 4.5 1.25 1.25 1.1
------------------------------------
154.1: 22.6 15.9      11.3 10.0
                                 2.2
------------------------------------
154.1: 22.6           11.3 10.0 10.0
                   4.5 1.25 1.25 1.1
------------------------------------
154.3: 22.6 15.9 15.0          
                   5.0 1.25 1.25 1.1
------------------------------------
154.3: 22.6      15.0      10.0 10.0
                                 4.5
------------------------------------
154.3: 22.6 15.9           10.0 10.0
                       1.25 1.25 1.1
------------------------------------
154.4: 22.6 15.9      11.3 10.0
                            1.25 1.1
------------------------------------
154.4: 22.6      15.0      10.0 10.0
                        2.2 1.25 1.1
------------------------------------
154.5: 22.6      15.0 11.3 10.0
                             2.2 1.1
------------------------------------
154.7: 22.6 15.9      11.3 10.0
                           1.25 1.25
------------------------------------
154.7: 22.6      15.0      10.0 10.0
                       2.2 1.25 1.25
------------------------------------
154.8: 22.6      15.0 11.3 10.0
                            2.2 1.25
------------------------------------
155.1: 22.6      15.0 11.3 10.0
                       1.25 1.25 1.1
------------------------------------
155.2: 22.6 15.9 15.0          
                    4.5 2.2 1.25 1.1
------------------------------------
155.2: 22.6 15.9           10.0
                5.0 4.5 2.2 1.25 1.1
------------------------------------
155.3: 22.6 15.9      11.3     
                     5.0 4.5 2.2 1.1
------------------------------------
155.5: 22.6 15.9 15.0          
                   4.5 2.2 1.25 1.25
------------------------------------
155.5: 22.6 15.9           10.0
               5.0 4.5 2.2 1.25 1.25
------------------------------------
155.6: 22.6 15.9      11.3     
                    5.0 4.5 2.2 1.25
------------------------------------
155.9: 22.6 15.9      11.3     
               5.0 4.5 1.25 1.25 1.1
------------------------------------
155.9: 22.6      15.0      10.0
           5.0 4.5 2.2 1.25 1.25 1.1
------------------------------------
156.0: 22.6      15.0 11.3     
                5.0 4.5 2.2 1.25 1.1
------------------------------------
156.0: 22.6           11.3 10.0 10.0
                    4.5 2.2 1.25 1.1
------------------------------------
156.1: 22.6 15.9 15.0          
                             5.0 4.5
------------------------------------
156.1: 22.6 15.9           10.0 10.0
                                 4.5
------------------------------------
156.2: 22.6 15.9 15.0          
                    5.0 2.2 1.25 1.1
------------------------------------
156.2: 22.6 15.9           10.0 10.0
                        2.2 1.25 1.1
------------------------------------
156.3: 22.6 15.9      11.3 10.0
                             2.2 1.1
------------------------------------
156.3: 22.6      15.0 11.3     
               5.0 4.5 2.2 1.25 1.25
------------------------------------
156.3: 22.6 15.9      11.3 10.0
                             2.2 1.1
------------------------------------
156.3: 22.6           11.3 10.0 10.0
                   4.5 2.2 1.25 1.25
------------------------------------
156.5: 22.6 15.9 15.0          
                   5.0 2.2 1.25 1.25
------------------------------------
156.5: 22.6      15.0      10.0 10.0
                             4.5 1.1
------------------------------------
156.5: 22.6 15.9           10.0 10.0
                       2.2 1.25 1.25
------------------------------------
156.6: 22.6 15.9      11.3 10.0
                            2.2 1.25
------------------------------------
156.8: 22.6      15.0      10.0 10.0
                            4.5 1.25
------------------------------------
156.9: 22.6      15.0 11.3 10.0
                                 4.5
------------------------------------
156.9: 22.6 15.9      11.3 10.0
                       1.25 1.25 1.1
------------------------------------
156.9: 22.6      15.0 11.3 10.0
                                 4.5
------------------------------------
156.9: 22.6 15.9      11.3 10.0
                       1.25 1.25 1.1
------------------------------------
156.9: 22.6      15.0      10.0 10.0
                   2.2 1.25 1.25 1.1
------------------------------------
157.0: 22.6      15.0 11.3 10.0
                        2.2 1.25 1.1
------------------------------------
157.1: 22.6 15.9 15.0      10.0
                                    
------------------------------------
157.3: 22.6      15.0 11.3 10.0
                       2.2 1.25 1.25
------------------------------------
157.7: 22.6 15.9 15.0          
               4.5 2.2 1.25 1.25 1.1
------------------------------------
157.7: 22.6 15.9           10.0
           5.0 4.5 2.2 1.25 1.25 1.1
------------------------------------
157.8: 22.6 15.9      11.3     
                5.0 4.5 2.2 1.25 1.1
------------------------------------
157.9: 22.6      15.0 11.3 10.0
                                 5.0
------------------------------------
158.1: 22.6 15.9      11.3     
               5.0 4.5 2.2 1.25 1.25
------------------------------------
158.3: 22.6 15.9 15.0          
                         5.0 4.5 1.1
------------------------------------
158.3: 22.6 15.9           10.0 10.0
                             4.5 1.1
------------------------------------
158.5: 22.6      15.0 11.3     
           5.0 4.5 2.2 1.25 1.25 1.1
------------------------------------
158.5: 22.6           11.3 10.0 10.0
               4.5 2.2 1.25 1.25 1.1
------------------------------------
158.6: 22.6 15.9 15.0          
                        5.0 4.5 1.25
------------------------------------
158.6: 22.6 15.9           10.0 10.0
                            4.5 1.25
------------------------------------
158.7: 22.6 15.9      11.3 10.0
                                 4.5
------------------------------------
158.7: 22.6 15.9 15.0          
               5.0 2.2 1.25 1.25 1.1
------------------------------------
158.7: 22.6 15.9      11.3 10.0
                                 4.5
------------------------------------
158.7: 22.6      15.0      10.0 10.0
                             4.5 2.2
------------------------------------
158.7: 22.6 15.9           10.0 10.0
                   2.2 1.25 1.25 1.1
------------------------------------
158.8: 22.6 15.9      11.3 10.0
                        2.2 1.25 1.1
------------------------------------
159.0: 22.6      15.0      10.0 10.0
                        4.5 1.25 1.1
------------------------------------
159.1: 22.6      15.0 11.3 10.0
                             4.5 1.1
------------------------------------
159.1: 22.6 15.9      11.3 10.0
                       2.2 1.25 1.25
------------------------------------
159.1: 22.6      15.0 11.3 10.0
                             4.5 1.1
------------------------------------
159.1: 22.6 15.9      11.3 10.0
                       2.2 1.25 1.25
------------------------------------
159.3: 22.6 15.9 15.0      10.0
                                 1.1
------------------------------------
159.3: 22.6      15.0      10.0 10.0
                       4.5 1.25 1.25
------------------------------------
159.4: 22.6      15.0 11.3 10.0
                            4.5 1.25
------------------------------------
159.5: 22.6      15.0 11.3 10.0
                   2.2 1.25 1.25 1.1
------------------------------------
159.6: 22.6 15.9 15.0      10.0
                                1.25
------------------------------------
159.7: 22.6 15.9 15.0 11.3     
                                    
------------------------------------
159.7: 22.6 15.9      11.3 10.0
                                 5.0
------------------------------------
160.1: 22.6      15.0 11.3 10.0
                             5.0 1.1
------------------------------------
160.3: 22.6 15.9      11.3     
           5.0 4.5 2.2 1.25 1.25 1.1
------------------------------------
160.4: 22.6      15.0 11.3 10.0
                            5.0 1.25
------------------------------------
160.5: 22.6 15.9 15.0          
                         5.0 4.5 2.2
------------------------------------
160.5: 22.6 15.9           10.0 10.0
                             4.5 2.2
------------------------------------
160.8: 22.6 15.9 15.0          
                    5.0 4.5 1.25 1.1
------------------------------------
160.8: 22.6 15.9           10.0 10.0
                        4.5 1.25 1.1
------------------------------------
160.9: 22.6 15.9      11.3 10.0
                             4.5 1.1
------------------------------------
160.9: 22.6      15.0      10.0 10.0
                         4.5 2.2 1.1
------------------------------------
161.1: 22.6 15.9 15.0          
                   5.0 4.5 1.25 1.25
------------------------------------
161.1: 22.6 15.9           10.0 10.0
                       4.5 1.25 1.25
------------------------------------
161.2: 22.6 15.9      11.3 10.0
                            4.5 1.25
------------------------------------
161.2: 22.6      15.0      10.0 10.0
                        4.5 2.2 1.25
------------------------------------
161.3: 22.6      15.0 11.3 10.0
                             4.5 2.2
------------------------------------
161.3: 22.6 15.9      11.3 10.0
                   2.2 1.25 1.25 1.1
------------------------------------
161.3: 22.6      15.0 11.3 10.0
                             4.5 2.2
------------------------------------
161.3: 22.6 15.9      11.3 10.0
                   2.2 1.25 1.25 1.1
------------------------------------
161.5: 22.6 15.9 15.0      10.0
                                 2.2
------------------------------------
161.5: 22.6      15.0      10.0 10.0
                   4.5 1.25 1.25 1.1
------------------------------------
161.6: 22.6      15.0 11.3 10.0
                        4.5 1.25 1.1
------------------------------------
161.8: 22.6 15.9 15.0      10.0
                            1.25 1.1
------------------------------------
161.9: 22.6 15.9 15.0 11.3     
                                 1.1
------------------------------------
161.9: 22.6 15.9      11.3 10.0
                             5.0 1.1
------------------------------------
161.9: 22.6      15.0 11.3 10.0
                       4.5 1.25 1.25
------------------------------------
162.1: 22.6 15.9 15.0      10.0
                           1.25 1.25
------------------------------------
162.2: 22.6 15.9 15.0 11.3     
                                1.25
------------------------------------
162.2: 22.6 15.9      11.3 10.0
                            5.0 1.25
------------------------------------
162.3: 22.6      15.0 11.3 10.0
                             5.0 2.2
------------------------------------
162.6: 22.6      15.0 11.3 10.0
                        5.0 1.25 1.1
------------------------------------
162.7: 22.6 15.9 15.0          
                     5.0 4.5 2.2 1.1
------------------------------------
162.7: 22.6 15.9           10.0 10.0
                         4.5 2.2 1.1
------------------------------------
162.9: 22.6      15.0 11.3 10.0
                       5.0 1.25 1.25
------------------------------------
163.0: 22.6 15.9 15.0          
                    5.0 4.5 2.2 1.25
------------------------------------
163.0: 22.6 15.9           10.0 10.0
                        4.5 2.2 1.25
------------------------------------
163.1: 22.6 15.9      11.3 10.0
                             4.5 2.2
------------------------------------
163.3: 22.6 15.9 15.0          
               5.0 4.5 1.25 1.25 1.1
------------------------------------
163.3: 22.6 15.9           10.0 10.0
                   4.5 1.25 1.25 1.1
------------------------------------
163.4: 22.6 15.9      11.3 10.0
                        4.5 1.25 1.1
------------------------------------
163.4: 22.6      15.0      10.0 10.0
                    4.5 2.2 1.25 1.1
------------------------------------
163.5: 22.6      15.0 11.3 10.0
                         4.5 2.2 1.1
------------------------------------
163.7: 22.6 15.9 15.0      10.0
                             2.2 1.1
------------------------------------
163.7: 22.6 15.9      11.3 10.0
                       4.5 1.25 1.25
------------------------------------
163.7: 22.6 15.9 15.0      10.0
                             2.2 1.1
------------------------------------
163.7: 22.6 15.9      11.3 10.0
                       4.5 1.25 1.25
------------------------------------
163.7: 22.6      15.0      10.0 10.0
                   4.5 2.2 1.25 1.25
------------------------------------
163.8: 22.6      15.0 11.3 10.0
                        4.5 2.2 1.25
------------------------------------
164.0: 22.6 15.9 15.0      10.0
                            2.2 1.25
------------------------------------
164.1: 22.6 15.9 15.0 11.3     
                                 2.2
------------------------------------
164.1: 22.6 15.9      11.3 10.0
                             5.0 2.2
------------------------------------
164.1: 22.6      15.0 11.3 10.0
                   4.5 1.25 1.25 1.1
------------------------------------
164.3: 22.6 15.9 15.0      10.0
                       1.25 1.25 1.1
------------------------------------
164.4: 22.6 15.9 15.0 11.3     
                            1.25 1.1
------------------------------------
164.4: 22.6 15.9      11.3 10.0
                        5.0 1.25 1.1
------------------------------------
164.5: 22.6      15.0 11.3 10.0
                         5.0 2.2 1.1
------------------------------------
164.7: 22.6 15.9 15.0 11.3     
                           1.25 1.25
------------------------------------
164.7: 22.6 15.9      11.3 10.0
                       5.0 1.25 1.25
------------------------------------
164.8: 22.6      15.0 11.3 10.0
                        5.0 2.2 1.25
------------------------------------
165.1: 22.6      15.0 11.3 10.0
                   5.0 1.25 1.25 1.1
------------------------------------
165.2: 22.6 15.9 15.0          
                5.0 4.5 2.2 1.25 1.1
------------------------------------
165.2: 22.6 15.9           10.0 10.0
                    4.5 2.2 1.25 1.1
------------------------------------
165.3: 22.6 15.9      11.3 10.0
                         4.5 2.2 1.1
------------------------------------
165.5: 22.6 15.9 15.0          
               5.0 4.5 2.2 1.25 1.25
------------------------------------
165.5: 22.6 15.9           10.0 10.0
                   4.5 2.2 1.25 1.25
------------------------------------
165.6: 22.6 15.9      11.3 10.0
                        4.5 2.2 1.25
------------------------------------
165.9: 22.6 15.9      11.3 10.0
                   4.5 1.25 1.25 1.1
------------------------------------
165.9: 22.6      15.0      10.0 10.0
               4.5 2.2 1.25 1.25 1.1
------------------------------------
166.0: 22.6      15.0 11.3 10.0
                    4.5 2.2 1.25 1.1
------------------------------------
166.1: 22.6 15.9 15.0      10.0
                                 4.5
------------------------------------
166.2: 22.6 15.9 15.0      10.0
                        2.2 1.25 1.1
------------------------------------
166.3: 22.6 15.9 15.0 11.3     
                             2.2 1.1
------------------------------------
166.3: 22.6 15.9      11.3 10.0
                         5.0 2.2 1.1
------------------------------------
166.3: 22.6      15.0 11.3 10.0
                   4.5 2.2 1.25 1.25
------------------------------------
166.5: 22.6 15.9 15.0      10.0
                       2.2 1.25 1.25
------------------------------------
166.6: 22.6 15.9 15.0 11.3     
                            2.2 1.25
------------------------------------
166.6: 22.6 15.9      11.3 10.0
                        5.0 2.2 1.25
------------------------------------
166.9: 22.6      15.0 11.3 10.0
                             5.0 4.5
------------------------------------
166.9: 22.6 15.9 15.0 11.3     
                       1.25 1.25 1.1
------------------------------------
166.9: 22.6 15.9      11.3 10.0
                   5.0 1.25 1.25 1.1
------------------------------------
167.0: 22.6      15.0 11.3 10.0
                    5.0 2.2 1.25 1.1
------------------------------------
167.1: 22.6 15.9 15.0      10.0
                                 5.0
------------------------------------
167.3: 22.6      15.0 11.3 10.0
                   5.0 2.2 1.25 1.25
------------------------------------
167.7: 22.6 15.9 15.0          
           5.0 4.5 2.2 1.25 1.25 1.1
------------------------------------
167.7: 22.6 15.9           10.0 10.0
               4.5 2.2 1.25 1.25 1.1
------------------------------------
167.8: 22.6 15.9      11.3 10.0
                    4.5 2.2 1.25 1.1
------------------------------------
167.9: 22.6      15.0 11.3 10.0 10.0
                                    
------------------------------------
168.1: 22.6 15.9      11.3 10.0
                   4.5 2.2 1.25 1.25
------------------------------------
168.3: 22.6 15.9 15.0      10.0
                             4.5 1.1
------------------------------------
168.5: 22.6      15.0 11.3 10.0
               4.5 2.2 1.25 1.25 1.1
------------------------------------
168.6: 22.6 15.9 15.0      10.0
                            4.5 1.25
------------------------------------
168.7: 22.6 15.9 15.0 11.3     
                                 4.5
------------------------------------
168.7: 22.6 15.9      11.3 10.0
                             5.0 4.5
------------------------------------
168.7: 22.6 15.9 15.0      10.0
                   2.2 1.25 1.25 1.1
------------------------------------
168.8: 22.6 15.9 15.0 11.3     
                        2.2 1.25 1.1
------------------------------------
168.8: 22.6 15.9      11.3 10.0
                    5.0 2.2 1.25 1.1
------------------------------------
169.1: 22.6      15.0 11.3 10.0
                         5.0 4.5 1.1
------------------------------------
169.1: 22.6 15.9 15.0 11.3     
                       2.2 1.25 1.25
------------------------------------
169.1: 22.6 15.9      11.3 10.0
                   5.0 2.2 1.25 1.25
------------------------------------
169.3: 22.6 15.9 15.0      10.0
                             5.0 1.1
------------------------------------
169.4: 22.6      15.0 11.3 10.0
                        5.0 4.5 1.25
------------------------------------
169.5: 22.6      15.0 11.3 10.0
               5.0 2.2 1.25 1.25 1.1
------------------------------------
169.6: 22.6 15.9 15.0      10.0
                            5.0 1.25
------------------------------------
169.7: 22.6 15.9 15.0 11.3     
                                 5.0
------------------------------------
169.7: 22.6 15.9      11.3 10.0 10.0
                                    
------------------------------------
170.1: 22.6      15.0 11.3 10.0 10.0
                                 1.1
------------------------------------
170.3: 22.6 15.9      11.3 10.0
               4.5 2.2 1.25 1.25 1.1
------------------------------------
170.4: 22.6      15.0 11.3 10.0 10.0
                                1.25
------------------------------------
170.5: 22.6 15.9 15.0      10.0
                             4.5 2.2
------------------------------------
170.8: 22.6 15.9 15.0      10.0
                        4.5 1.25 1.1
------------------------------------
170.9: 22.6 15.9 15.0 11.3     
                             4.5 1.1
------------------------------------
170.9: 22.6 15.9      11.3 10.0
                         5.0 4.5 1.1
------------------------------------
171.1: 22.6 15.9 15.0      10.0
                       4.5 1.25 1.25
------------------------------------
171.2: 22.6 15.9 15.0 11.3     
                            4.5 1.25
------------------------------------
171.2: 22.6 15.9      11.3 10.0
                        5.0 4.5 1.25
------------------------------------
171.3: 22.6      15.0 11.3 10.0
                         5.0 4.5 2.2
------------------------------------
171.3: 22.6 15.9 15.0 11.3     
                   2.2 1.25 1.25 1.1
------------------------------------
171.3: 22.6 15.9      11.3 10.0
               5.0 2.2 1.25 1.25 1.1
------------------------------------
171.5: 22.6 15.9 15.0      10.0
                             5.0 2.2
------------------------------------
171.6: 22.6      15.0 11.3 10.0
                    5.0 4.5 1.25 1.1
------------------------------------
171.8: 22.6 15.9 15.0      10.0
                        5.0 1.25 1.1
------------------------------------
171.9: 22.6 15.9 15.0 11.3     
                             5.0 1.1
------------------------------------
171.9: 22.6      15.0 11.3 10.0
                   5.0 4.5 1.25 1.25
------------------------------------
171.9: 22.6 15.9      11.3 10.0 10.0
                                 1.1
------------------------------------
172.1: 22.6 15.9 15.0      10.0
                       5.0 1.25 1.25
------------------------------------
172.2: 22.6 15.9 15.0 11.3     
                            5.0 1.25
------------------------------------
172.2: 22.6 15.9      11.3 10.0 10.0
                                1.25
------------------------------------
172.3: 22.6      15.0 11.3 10.0 10.0
                                 2.2
------------------------------------
172.6: 22.6      15.0 11.3 10.0 10.0
                            1.25 1.1
------------------------------------
172.7: 22.6 15.9 15.0      10.0
                         4.5 2.2 1.1
------------------------------------
172.9: 22.6      15.0 11.3 10.0 10.0
                           1.25 1.25
------------------------------------
173.0: 22.6 15.9 15.0      10.0
                        4.5 2.2 1.25
------------------------------------
173.1: 22.6 15.9 15.0 11.3     
                             4.5 2.2
------------------------------------
173.1: 22.6 15.9      11.3 10.0
                         5.0 4.5 2.2
------------------------------------
173.3: 22.6 15.9 15.0      10.0
                   4.5 1.25 1.25 1.1
------------------------------------
173.4: 22.6 15.9 15.0 11.3     
                        4.5 1.25 1.1
------------------------------------
173.4: 22.6 15.9      11.3 10.0
                    5.0 4.5 1.25 1.1
------------------------------------
173.5: 22.6      15.0 11.3 10.0
                     5.0 4.5 2.2 1.1
------------------------------------
173.7: 22.6 15.9 15.0      10.0
                         5.0 2.2 1.1
------------------------------------
173.7: 22.6 15.9 15.0 11.3     
                       4.5 1.25 1.25
------------------------------------
173.7: 22.6 15.9      11.3 10.0
                   5.0 4.5 1.25 1.25
------------------------------------
173.8: 22.6      15.0 11.3 10.0
                    5.0 4.5 2.2 1.25
------------------------------------
174.0: 22.6 15.9 15.0      10.0
                        5.0 2.2 1.25
------------------------------------
174.1: 22.6 15.9 15.0 11.3     
                             5.0 2.2
------------------------------------
174.1: 22.6      15.0 11.3 10.0
               5.0 4.5 1.25 1.25 1.1
------------------------------------
174.1: 22.6 15.9      11.3 10.0 10.0
                                 2.2
------------------------------------
174.3: 22.6 15.9 15.0      10.0
                   5.0 1.25 1.25 1.1
------------------------------------
174.4: 22.6 15.9 15.0 11.3     
                        5.0 1.25 1.1
------------------------------------
174.4: 22.6 15.9      11.3 10.0 10.0
                            1.25 1.1
------------------------------------
174.5: 22.6      15.0 11.3 10.0 10.0
                             2.2 1.1
------------------------------------
174.7: 22.6 15.9 15.0 11.3     
                       5.0 1.25 1.25
------------------------------------
174.7: 22.6 15.9      11.3 10.0 10.0
                           1.25 1.25
------------------------------------
174.8: 22.6      15.0 11.3 10.0 10.0
                            2.2 1.25
------------------------------------
175.2: 22.6 15.9 15.0      10.0
                    4.5 2.2 1.25 1.1
------------------------------------
175.3: 22.6 15.9 15.0 11.3     
                         4.5 2.2 1.1
------------------------------------
175.3: 22.6 15.9      11.3 10.0
                     5.0 4.5 2.2 1.1
------------------------------------
175.5: 22.6 15.9 15.0      10.0
                   4.5 2.2 1.25 1.25
------------------------------------
175.6: 22.6 15.9 15.0 11.3     
                        4.5 2.2 1.25
------------------------------------
175.6: 22.6 15.9      11.3 10.0
                    5.0 4.5 2.2 1.25
------------------------------------
175.9: 22.6 15.9 15.0 11.3     
                   4.5 1.25 1.25 1.1
------------------------------------
175.9: 22.6 15.9      11.3 10.0
               5.0 4.5 1.25 1.25 1.1
------------------------------------
176.0: 22.6      15.0 11.3 10.0
                5.0 4.5 2.2 1.25 1.1
------------------------------------
176.1: 22.6 15.9 15.0      10.0
                             5.0 4.5
------------------------------------
176.2: 22.6 15.9 15.0      10.0
                    5.0 2.2 1.25 1.1
------------------------------------
176.3: 22.6 15.9 15.0 11.3     
                         5.0 2.2 1.1
------------------------------------
176.3: 22.6      15.0 11.3 10.0
               5.0 4.5 2.2 1.25 1.25
------------------------------------
176.3: 22.6 15.9      11.3 10.0 10.0
                             2.2 1.1
------------------------------------
176.5: 22.6 15.9 15.0      10.0
                   5.0 2.2 1.25 1.25
------------------------------------
176.6: 22.6 15.9 15.0 11.3     
                        5.0 2.2 1.25
------------------------------------
176.6: 22.6 15.9      11.3 10.0 10.0
                            2.2 1.25
------------------------------------
176.9: 22.6 15.9 15.0 11.3     
                   5.0 1.25 1.25 1.1
------------------------------------
176.9: 22.6      15.0 11.3 10.0 10.0
                                 4.5
------------------------------------
177.1: 22.6 15.9 15.0      10.0 10.0
                                    
------------------------------------
177.7: 22.6 15.9 15.0      10.0
               4.5 2.2 1.25 1.25 1.1
------------------------------------
177.8: 22.6 15.9 15.0 11.3     
                    4.5 2.2 1.25 1.1
------------------------------------
177.8: 22.6 15.9      11.3 10.0
                5.0 4.5 2.2 1.25 1.1
------------------------------------
178.1: 22.6 15.9 15.0 11.3     
                   4.5 2.2 1.25 1.25
------------------------------------
178.1: 22.6 15.9      11.3 10.0
               5.0 4.5 2.2 1.25 1.25
------------------------------------
178.3: 22.6 15.9 15.0      10.0
                         5.0 4.5 1.1
------------------------------------
178.5: 22.6      15.0 11.3 10.0
           5.0 4.5 2.2 1.25 1.25 1.1
------------------------------------
178.6: 22.6 15.9 15.0      10.0
                        5.0 4.5 1.25
------------------------------------
178.7: 22.6 15.9 15.0 11.3     
                             5.0 4.5
------------------------------------
178.7: 22.6 15.9 15.0      10.0
               5.0 2.2 1.25 1.25 1.1
------------------------------------
178.7: 22.6 15.9      11.3 10.0 10.0
                                 4.5
------------------------------------
178.8: 22.6 15.9 15.0 11.3     
                    5.0 2.2 1.25 1.1
------------------------------------
179.1: 22.6 15.9 15.0 11.3     
                   5.0 2.2 1.25 1.25
------------------------------------
179.1: 22.6      15.0 11.3 10.0 10.0
                             4.5 1.1
------------------------------------
179.3: 22.6 15.9 15.0      10.0 10.0
                                 1.1
------------------------------------
179.4: 22.6      15.0 11.3 10.0 10.0
                            4.5 1.25
------------------------------------
179.6: 22.6 15.9 15.0      10.0 10.0
                                1.25
------------------------------------
179.7: 22.6 15.9 15.0 11.3 10.0
                                    
------------------------------------
180.3: 22.6 15.9 15.0 11.3     
               4.5 2.2 1.25 1.25 1.1
------------------------------------
180.3: 22.6 15.9      11.3 10.0
           5.0 4.5 2.2 1.25 1.25 1.1
------------------------------------
180.5: 22.6 15.9 15.0      10.0
                         5.0 4.5 2.2
------------------------------------
180.8: 22.6 15.9 15.0      10.0
                    5.0 4.5 1.25 1.1
------------------------------------
180.9: 22.6 15.9 15.0 11.3     
                         5.0 4.5 1.1
------------------------------------
180.9: 22.6 15.9      11.3 10.0 10.0
                             4.5 1.1
------------------------------------
181.1: 22.6 15.9 15.0      10.0
                   5.0 4.5 1.25 1.25
------------------------------------
181.2: 22.6 15.9 15.0 11.3     
                        5.0 4.5 1.25
------------------------------------
181.2: 22.6 15.9      11.3 10.0 10.0
                            4.5 1.25
------------------------------------
181.3: 22.6 15.9 15.0 11.3     
               5.0 2.2 1.25 1.25 1.1
------------------------------------
181.3: 22.6      15.0 11.3 10.0 10.0
                             4.5 2.2
------------------------------------
181.5: 22.6 15.9 15.0      10.0 10.0
                                 2.2
------------------------------------
181.8: 22.6 15.9 15.0      10.0 10.0
                            1.25 1.1
------------------------------------
181.9: 22.6 15.9 15.0 11.3 10.0
                                 1.1
------------------------------------
182.1: 22.6 15.9 15.0      10.0 10.0
                           1.25 1.25
------------------------------------
182.2: 22.6 15.9 15.0 11.3 10.0
                                1.25
------------------------------------
182.7: 22.6 15.9 15.0      10.0
                     5.0 4.5 2.2 1.1
------------------------------------
183.0: 22.6 15.9 15.0      10.0
                    5.0 4.5 2.2 1.25
------------------------------------
183.1: 22.6 15.9 15.0 11.3     
                         5.0 4.5 2.2
------------------------------------
183.1: 22.6 15.9      11.3 10.0 10.0
                             4.5 2.2
------------------------------------
183.3: 22.6 15.9 15.0      10.0
               5.0 4.5 1.25 1.25 1.1
------------------------------------
183.4: 22.6 15.9 15.0 11.3     
                    5.0 4.5 1.25 1.1
------------------------------------
183.7: 22.6 15.9 15.0 11.3     
                   5.0 4.5 1.25 1.25
------------------------------------
183.7: 22.6 15.9 15.0      10.0 10.0
                             2.2 1.1
------------------------------------
184.0: 22.6 15.9 15.0      10.0 10.0
                            2.2 1.25
------------------------------------
184.1: 22.6 15.9 15.0 11.3 10.0
                                 2.2
------------------------------------
184.4: 22.6 15.9 15.0 11.3 10.0
                            1.25 1.1
------------------------------------
184.7: 22.6 15.9 15.0 11.3 10.0
                           1.25 1.25
------------------------------------
185.2: 22.6 15.9 15.0      10.0
                5.0 4.5 2.2 1.25 1.1
------------------------------------
185.3: 22.6 15.9 15.0 11.3     
                     5.0 4.5 2.2 1.1
------------------------------------
185.5: 22.6 15.9 15.0      10.0
               5.0 4.5 2.2 1.25 1.25
------------------------------------
185.6: 22.6 15.9 15.0 11.3     
                    5.0 4.5 2.2 1.25
------------------------------------
185.9: 22.6 15.9 15.0 11.3     
               5.0 4.5 1.25 1.25 1.1
------------------------------------
186.1: 22.6 15.9 15.0      10.0 10.0
                                 4.5
------------------------------------
186.3: 22.6 15.9 15.0 11.3 10.0
                             2.2 1.1
------------------------------------
186.6: 22.6 15.9 15.0 11.3 10.0
                            2.2 1.25
------------------------------------
187.7: 22.6 15.9 15.0      10.0
           5.0 4.5 2.2 1.25 1.25 1.1
------------------------------------
187.8: 22.6 15.9 15.0 11.3     
                5.0 4.5 2.2 1.25 1.1
------------------------------------
188.1: 22.6 15.9 15.0 11.3     
               5.0 4.5 2.2 1.25 1.25
------------------------------------
188.3: 22.6 15.9 15.0      10.0 10.0
                             4.5 1.1
------------------------------------
188.6: 22.6 15.9 15.0      10.0 10.0
                            4.5 1.25
------------------------------------
188.7: 22.6 15.9 15.0 11.3 10.0
                                 4.5
------------------------------------
189.7: 22.6 15.9 15.0 11.3 10.0
                                 5.0
------------------------------------
190.3: 22.6 15.9 15.0 11.3     
           5.0 4.5 2.2 1.25 1.25 1.1
------------------------------------
190.5: 22.6 15.9 15.0      10.0 10.0
                             4.5 2.2
------------------------------------
190.9: 22.6 15.9 15.0 11.3 10.0
                             4.5 1.1
------------------------------------
191.2: 22.6 15.9 15.0 11.3 10.0
                            4.5 1.25
------------------------------------
191.9: 22.6 15.9 15.0 11.3 10.0
                             5.0 1.1
------------------------------------
192.2: 22.6 15.9 15.0 11.3 10.0
                            5.0 1.25
------------------------------------
193.1: 22.6 15.9 15.0 11.3 10.0
                             4.5 2.2
------------------------------------
194.1: 22.6 15.9 15.0 11.3 10.0
                             5.0 2.2
------------------------------------
198.7: 22.6 15.9 15.0 11.3 10.0
                             5.0 4.5
------------------------------------
199.7: 22.6 15.9 15.0 11.3 10.0 10.0
                                    
------------------------------------
201.9: 22.6 15.9 15.0 11.3 10.0 10.0
                                 1.1
------------------------------------
202.2: 22.6 15.9 15.0 11.3 10.0 10.0
                                1.25
------------------------------------
204.1: 22.6 15.9 15.0 11.3 10.0 10.0
                                 2.2
------------------------------------
208.7: 22.6 15.9 15.0 11.3 10.0 10.0
                                 4.5
------------------------------------
